0.0	-2.096436
1.0	-2.096436
2.0	-2.467606
3.0	-2.019962
4.0	-2.225468
5.0	-1.805062
6.0	-1.768083
7.0	-2.258970
8.0	-1.799990
9.0	-2.173272
10.0	-2.254118
11.0	-2.286504
12.0	-2.383130
13.0	-2.150136
14.0	-1.697505
15.0	-2.001164
16.0	-2.385472
17.0	-2.296689
18.0	-2.136057
19.0	-2.340664
20.0	-2.209094
21.0	-2.346190
22.0	-2.271437
23.0	-2.100088
24.0	-2.118403
25.0	-2.233919
26.0	-1.893344
27.0	-1.894361
28.0	-1.737314
29.0	-2.157510
30.0	-2.742954
31.0	-2.339091
32.0	-2.191504
33.0	-1.621865
34.0	-2.373269
35.0	-1.857093
36.0	-2.233310
37.0	-2.077083
38.0	-2.217159
39.0	-1.951931
40.0	-1.874174
41.0	-2.205442
42.0	-2.095606
43.0	-2.370114
44.0	-2.227876
45.0	-2.094307
46.0	-1.895902
47.0	-2.039120
48.0	-1.963156
49.0	-2.997809
50.0	-2.569960
51.0	1.627616
52.0	16.510290
53.0	41.743216
54.0	78.929394
55.0	127.287975
56.0	189.887690
57.0	261.834839
58.0	339.332334
59.0	419.398541
60.0	500.000000
61.0	574.942225
62.0	642.623616
63.0	703.229670
64.0	756.933013
65.0	802.489048
66.0	841.933089
67.0	875.632564
68.0	904.004303
69.0	927.312628
70.0	946.200142
71.0	961.710521
72.0	973.486009
73.0	983.097825
74.0	991.590739
75.0	997.173904
76.0	994.693143
77.0	994.100275
78.0	993.009106
79.0	989.592519
80.0	985.471584
81.0	980.388215
82.0	974.277781
83.0	967.034533
84.0	959.787310
85.0	950.667053
86.0	943.534130
87.0	935.033779
88.0	926.447780
89.0	917.640864
90.0	908.093896
91.0	899.690263
92.0	891.920801
93.0	880.868651
94.0	870.714158
95.0	860.598646
96.0	850.030945
97.0	838.377344
98.0	828.454743
99.0	816.675217
100.0	806.576308
101.0	795.693195
102.0	785.106726
103.0	774.147756
104.0	764.526916
105.0	752.170901
106.0	741.786541
107.0	730.019707
108.0	719.623924
109.0	708.748303
110.0	697.857942
111.0	687.728497
112.0	677.665446
113.0	665.678871
114.0	656.893783
115.0	645.985550
116.0	636.576166
117.0	625.482950
118.0	615.607713
119.0	606.210056
120.0	597.279098
121.0	586.841865
122.0	577.696761
123.0	566.938611
124.0	558.472508
125.0	548.344903
126.0	539.362479
127.0	529.921124
128.0	521.897281
129.0	513.263205
130.0	503.917267
131.0	495.624537
132.0	485.988526
133.0	478.195137
134.0	470.138681
135.0	461.688771
136.0	452.847085
137.0	445.572730
138.0	438.728688
139.0	430.508445
140.0	423.516939
141.0	415.701924
142.0	407.827122
143.0	401.714855
144.0	394.936308
145.0	387.662098
146.0	381.497562
147.0	374.401947
148.0	367.736216
149.0	361.007040
150.0	355.267459
151.0	348.644511
152.0	342.711817
153.0	335.904143
154.0	330.930329
155.0	324.743680
156.0	320.042902
157.0	314.104219
158.0	308.559049
159.0	302.990752
160.0	298.338362
161.0	293.041864
162.0	286.658276
163.0	281.699598
164.0	276.659043
165.0	272.740883
166.0	267.016004
167.0	261.919961
168.0	257.349968
169.0	253.358055
170.0	248.119138
171.0	244.177584
172.0	239.475380
173.0	235.646657
174.0	231.626023
175.0	227.000328
176.0	223.215999
177.0	218.941718
178.0	214.862306
179.0	211.784501
180.0	208.138640
181.0	204.959284
182.0	200.243280
183.0	196.641616
184.0	193.857904
185.0	189.573765
186.0	187.486635
187.0	183.914027
188.0	180.773803
189.0	176.872608
190.0	174.428056
191.0	171.077264
192.0	169.044188
193.0	164.769272
194.0	161.892797
195.0	158.892875
196.0	156.581264
197.0	154.340496
198.0	150.598614
199.0	148.615058
200.0	146.032162
201.0	143.660674
202.0	141.176287
203.0	138.085992
204.0	136.466059
205.0	134.042951
206.0	131.168353
207.0	128.856133
208.0	126.842949
209.0	124.226461
210.0	122.111464
211.0	120.729055
212.0	118.125592
213.0	115.990917
214.0	113.971335
215.0	112.029865
216.0	110.324640
217.0	108.568579
218.0	107.086619
219.0	104.533289
220.0	102.822439
221.0	100.733634
222.0	99.697107
223.0	97.609344
224.0	96.375039
225.0	94.661190
226.0	92.493545
227.0	91.000640
228.0	89.453909
229.0	88.347906
230.0	86.432942
231.0	84.932566
232.0	83.370949
233.0	81.373100
234.0	81.061337
235.0	79.842833
236.0	77.965649
237.0	76.251176
238.0	75.565515
239.0	74.542197
240.0	73.253833
241.0	71.915210
242.0	70.386819
243.0	68.724765
244.0	68.465306
245.0	66.803297
246.0	66.088537
247.0	64.977739
248.0	63.591457
249.0	62.584218
250.0	61.393805
251.0	60.656883
252.0	59.898852
253.0	59.437405
254.0	57.611493
255.0	57.262209
256.0	55.782061
257.0	55.394062
258.0	54.260088
259.0	53.147326
260.0	52.712167
261.0	51.756400
262.0	51.129207
263.0	49.905022
264.0	49.103597
265.0	48.285511
266.0	47.224830
267.0	46.883324
268.0	45.913975
269.0	45.111060
270.0	43.954127
271.0	43.554884
272.0	42.252940
273.0	42.024111
274.0	40.902165
275.0	40.146849
276.0	39.652620
277.0	38.503743
278.0	38.133554
279.0	37.255164
280.0	37.121133
281.0	36.505429
282.0	35.771192
283.0	34.911468
284.0	34.296575
285.0	34.069624
286.0	32.979003
287.0	32.819481
288.0	31.664017
289.0	31.353936
290.0	30.318480
291.0	30.324764
292.0	29.379746
293.0	29.127795
294.0	28.380726
295.0	28.039630
296.0	27.372380
297.0	27.243859
298.0	27.002148
299.0	26.837876
300.0	26.514394
301.0	26.080486
302.0	26.339691
303.0	25.790801
304.0	25.774422
305.0	25.955281
306.0	25.238344
307.0	25.113640
308.0	24.788777
309.0	24.201510
310.0	24.198315
311.0	24.293990
312.0	24.119327
313.0	23.824696
314.0	23.042750
315.0	23.505885
316.0	23.466319
317.0	23.132041
318.0	22.771523
319.0	22.970376
320.0	22.962058
321.0	22.554840
322.0	22.486942
323.0	22.749199
324.0	22.282547
325.0	22.313709
326.0	21.809170
327.0	21.553394
328.0	21.391400
329.0	21.333225
330.0	21.091650
331.0	20.710663
332.0	20.760525
333.0	20.256616
334.0	20.602277
335.0	20.193116
336.0	20.080276
337.0	19.460657
338.0	19.517670
339.0	19.399935
340.0	19.389296
341.0	19.065858
342.0	19.129374
343.0	18.985155
344.0	19.036954
345.0	17.938537
346.0	18.243235
347.0	18.374558
348.0	18.029414
349.0	18.247099
350.0	18.112979
351.0	17.900476
352.0	17.539228
353.0	17.515969
354.0	17.195002
355.0	17.629872
356.0	17.187502
357.0	17.550108
358.0	17.337738
359.0	16.706073
360.0	16.306150
361.0	16.240595
362.0	16.750366
363.0	16.049337
364.0	15.825229
365.0	16.282320
366.0	15.888497
367.0	15.757337
368.0	15.822397
369.0	15.422109
370.0	15.892797
371.0	15.570014
372.0	14.514328
373.0	15.455442
374.0	15.523598
375.0	15.142911
376.0	15.319779
377.0	15.109997
378.0	14.619969
379.0	15.017653
380.0	14.480225
381.0	14.623363
382.0	14.587190
383.0	14.370898
384.0	13.727011
385.0	13.889041
386.0	14.376463
387.0	13.838876
388.0	13.589276
389.0	13.792402
390.0	13.833767
391.0	12.979627
392.0	13.817571
393.0	12.731148
394.0	13.561884
395.0	13.273826
396.0	13.183857
397.0	13.506775
398.0	13.430330
399.0	12.540724
400.0	12.416076
401.0	12.590264
402.0	12.923894
403.0	12.166428
404.0	12.654933
405.0	12.136051
406.0	12.249870
407.0	11.848763
408.0	12.119276
409.0	11.973310
410.0	11.729825
411.0	11.546190
412.0	11.994171
413.0	11.581040
414.0	11.635263
415.0	11.420142
416.0	11.319369
417.0	10.662514
418.0	11.299753
419.0	10.758781
420.0	10.873032
421.0	10.662605
422.0	10.820397
423.0	11.093043
424.0	10.814111
425.0	10.955808
426.0	10.880497
427.0	10.695187
428.0	10.503753
429.0	10.432648
430.0	10.484802
431.0	10.202708
432.0	10.437752
433.0	10.501972
434.0	10.260794
435.0	9.892211
436.0	10.101152
437.0	9.907727
438.0	9.759400
439.0	9.917252
440.0	9.817903
441.0	9.706494
442.0	9.294885
443.0	9.856789
444.0	9.337483
445.0	9.549689
446.0	9.287904
447.0	9.694214
448.0	9.257194
449.0	8.986086
450.0	9.027918
451.0	9.311772
452.0	9.398422
453.0	9.137124
454.0	9.016393
455.0	9.104145
456.0	8.563090
457.0	9.177033
458.0	9.185160
459.0	8.961601
460.0	8.815678
461.0	9.012378
462.0	8.991640
463.0	8.218479
464.0	8.516780
465.0	8.478172
466.0	8.825558
467.0	8.443200
468.0	8.430060
469.0	7.918888
470.0	8.490566
471.0	8.223591
472.0	7.688982
473.0	8.456291
474.0	8.049256
475.0	7.954085
476.0	8.084750
477.0	8.058926
478.0	7.965479
479.0	8.025949
480.0	7.596745
481.0	7.818638
482.0	8.005822
483.0	7.892221
484.0	7.780660
485.0	7.120214
486.0	7.712854
487.0	7.551604
488.0	7.412550
489.0	7.590093
490.0	7.733265
491.0	7.606492
492.0	7.343225
493.0	7.350438
494.0	7.794362
495.0	7.402308
496.0	7.177993
497.0	7.322802
498.0	7.752350
499.0	7.209900
500.0	7.154009
501.0	7.275018
502.0	7.026605
503.0	7.192883
504.0	6.650015
505.0	6.771194
506.0	6.971070
507.0	7.054744
508.0	6.989793
509.0	6.453867
510.0	6.955982
511.0	7.173444
512.0	6.347760
513.0	6.325386
514.0	6.489246
515.0	6.650387
516.0	6.774828
517.0	6.544253
518.0	6.649744
519.0	6.420257
520.0	6.304121
521.0	6.115750
522.0	6.327381
523.0	6.058228
524.0	5.940149
525.0	6.293696
526.0	6.122259
527.0	6.011180
528.0	6.438262
529.0	5.907386
530.0	6.052504
531.0	6.269812
532.0	6.264356
533.0	6.383953
534.0	6.013442
535.0	5.918227
536.0	6.267738
537.0	6.133750
538.0	6.410445
539.0	5.820733
540.0	5.543250
541.0	5.712395
542.0	5.666004
543.0	5.866706
544.0	5.968398
545.0	5.267331
546.0	5.670980
547.0	5.484429
548.0	4.962150
549.0	5.761082
550.0	5.440661
551.0	5.468177
552.0	4.979496
553.0	4.868248
554.0	5.144942
555.0	5.385877
556.0	4.702451
557.0	5.309629
558.0	5.066652
559.0	5.028863
560.0	4.945630
561.0	4.821099
562.0	5.032402
563.0	5.182571
564.0	5.107654
565.0	4.463328
566.0	5.024547
567.0	4.411372
568.0	4.768344
569.0	4.672278
570.0	4.761405
571.0	4.896605
572.0	4.412624
573.0	4.154921
574.0	4.699994
575.0	4.591381
576.0	4.411765
577.0	4.546785
578.0	4.543506
579.0	4.899247
580.0	4.627616
581.0	4.721042
582.0	4.566773
583.0	4.521827
584.0	4.345270
585.0	4.616467
586.0	4.075072
587.0	4.441787
588.0	4.321278
589.0	4.392166
590.0	4.135887
591.0	4.449916
592.0	3.705622
593.0	4.142618
594.0	4.490346
595.0	4.127028
596.0	4.273980
597.0	4.342017
598.0	4.363932
599.0	4.099368
600.0	4.067401
601.0	4.255674
602.0	3.973253
603.0	4.485177
604.0	4.226307
605.0	4.069348
606.0	4.385580
607.0	3.832101
608.0	3.844451
609.0	4.133045
610.0	3.662393
611.0	3.525158
612.0	3.732658
613.0	3.286879
614.0	3.405681
615.0	3.597737
616.0	3.396527
617.0	3.879773
618.0	3.511924
619.0	3.478734
620.0	3.546431
621.0	3.733294
622.0	3.619213
623.0	3.903760
624.0	3.414954
625.0	2.895437
626.0	3.692925
627.0	3.980967
628.0	3.482625
629.0	3.385799
630.0	3.420200
631.0	3.141025
632.0	3.520356
633.0	3.511878
634.0	3.352054
635.0	3.035322
636.0	3.318689
637.0	3.414422
638.0	3.447277
639.0	3.572952
640.0	3.309387
641.0	3.268912
642.0	3.418983
643.0	3.422480
644.0	2.996852
645.0	3.368157
646.0	3.102390
647.0	3.394313
648.0	2.928628
649.0	3.296568
650.0	3.099006
651.0	3.573383
652.0	2.878597
653.0	2.943566
654.0	3.132197
655.0	2.973379
656.0	3.019118
657.0	3.144654
658.0	3.422518
659.0	3.423042
660.0	2.762868
661.0	2.783503
662.0	2.931720
663.0	2.985597
664.0	2.763919
665.0	2.566071
666.0	3.213074
667.0	2.987927
668.0	3.135552
669.0	3.095870
670.0	3.173320
671.0	2.795699
672.0	2.866884
673.0	3.137189
674.0	2.703404
675.0	2.910501
676.0	3.154649
677.0	3.157092
678.0	2.495801
679.0	2.814492
680.0	2.884574
681.0	3.136870
682.0	2.763919
683.0	2.773978
684.0	2.917778
685.0	2.621405
686.0	3.379562
687.0	3.144654
688.0	2.704171
689.0	2.605262
690.0	2.957784
691.0	2.918732
692.0	2.724364
693.0	2.741940
694.0	3.073642
695.0	2.933292
696.0	3.345798
697.0	3.028025
698.0	2.933613
699.0	2.549825
700.0	2.736232
701.0	2.430296
702.0	2.581404
703.0	2.711081
704.0	2.606901
705.0	2.604535
706.0	1.949206
707.0	2.966048
708.0	2.445724
709.0	2.986937
710.0	2.965577
711.0	2.973642
712.0	2.719589
713.0	2.396454
714.0	2.747907
715.0	2.714625
716.0	2.738749
717.0	2.654567
718.0	2.710764
719.0	2.819164
720.0	3.084517
721.0	2.388932
722.0	2.608910
723.0	2.515606
724.0	2.352356
725.0	2.877061
726.0	2.809756
727.0	2.387209
728.0	2.805921
729.0	2.715675
730.0	2.444422
731.0	2.429452
732.0	2.417342
733.0	2.682522
734.0	2.183067
735.0	2.029208
736.0	2.319571
737.0	2.674968
738.0	1.976342
739.0	2.332241
740.0	2.259876
741.0	2.305630
742.0	2.085634
743.0	2.143303
744.0	1.857842
745.0	2.040888
746.0	1.903548
747.0	2.059200
748.0	2.264367
749.0	1.973943
750.0	2.029469
751.0	2.234319
752.0	1.982470
753.0	2.275792
754.0	2.326223
755.0	2.089535
756.0	1.599506
757.0	2.083127
758.0	2.123989
759.0	1.789402
760.0	1.695912
761.0	2.035098
762.0	1.670084
763.0	1.886792
764.0	1.812948
765.0	2.404185
766.0	2.177866
767.0	1.783414
768.0	2.035278
769.0	2.324447
770.0	2.256657
771.0	2.243784
772.0	1.423708
773.0	1.909120
774.0	1.506132
775.0	1.471657
776.0	1.447694
777.0	1.819756
778.0	2.234590
779.0	2.620739
780.0	1.947799
781.0	1.731986
782.0	2.389468
783.0	1.475809
784.0	1.528189
785.0	2.415724
786.0	2.482785
787.0	1.926527
788.0	1.857750
789.0	1.814181
790.0	2.213656
791.0	2.049852
792.0	2.343018
793.0	1.832568
794.0	2.705355
795.0	2.410026
796.0	1.859957
797.0	2.080381
798.0	2.759508
799.0	2.211113
800.0	2.357488
801.0	2.061894
802.0	2.108398
803.0	1.764057
804.0	2.299379
805.0	1.875043
806.0	1.760574
807.0	2.036630
808.0	1.813725
809.0	2.010683
810.0	2.019962
811.0	2.408194
812.0	2.174218
813.0	2.238032
814.0	1.793513
815.0	1.768219
816.0	2.819496
817.0	2.075795
818.0	1.732166
819.0	1.461561
820.0	1.792159
821.0	1.773171
822.0	2.312857
823.0	1.574493
824.0	1.726624
825.0	1.195080
826.0	1.726631
827.0	1.352663
828.0	1.846752
829.0	1.379283
830.0	1.775498
831.0	1.712070
832.0	2.040553
833.0	1.904670
834.0	1.220064
835.0	1.302507
836.0	1.787779
837.0	2.815691
838.0	2.043406
839.0	1.677578
840.0	2.148110
841.0	1.530665
842.0	2.367633
843.0	2.271856
844.0	2.537113
845.0	2.091321
846.0	2.022677
847.0	2.299066
848.0	2.168264
849.0	1.468616
850.0	1.612862
851.0	1.679217
852.0	1.955016
853.0	1.453672
854.0	2.728048
855.0	2.303104
856.0	1.184520
857.0	1.911339
858.0	1.921984
859.0	1.369889
860.0	2.122076
