0.0	-2.452984
1.0	-1.434143
2.0	-2.430448
3.0	-2.234873
4.0	-2.137149
5.0	-1.850402
6.0	-2.290465
7.0	-2.173475
8.0	-1.692798
9.0	-1.817306
10.0	-2.607156
11.0	-2.214459
12.0	-1.920131
13.0	-3.209524
14.0	-2.536253
15.0	-2.732255
16.0	-2.101357
17.0	-3.065315
18.0	-2.731287
19.0	-2.482483
20.0	-2.755079
21.0	-2.509910
22.0	-2.330458
23.0	-2.661831
24.0	-2.994696
25.0	-2.627073
26.0	-1.913002
27.0	-1.668127
28.0	-2.301360
29.0	-2.913271
30.0	-1.948663
31.0	-2.229988
32.0	-2.972920
33.0	-2.443998
34.0	-2.575766
35.0	-2.414364
36.0	-2.448952
37.0	-2.917327
38.0	-3.160559
39.0	-2.324715
40.0	-3.103775
41.0	-2.978282
42.0	-2.552820
43.0	-2.143366
44.0	-2.640773
45.0	-2.687344
46.0	-2.599901
47.0	-2.185121
48.0	-2.675733
49.0	-3.363348
50.0	-2.259949
51.0	6.212404
52.0	23.102455
53.0	52.009127
54.0	90.507357
55.0	142.720047
56.0	204.850171
57.0	272.961246
58.0	347.037417
59.0	422.427691
60.0	500.000000
61.0	574.182328
62.0	641.236379
63.0	702.215038
64.0	756.832447
65.0	802.516222
66.0	842.329835
67.0	875.359525
68.0	903.432119
69.0	925.441398
70.0	943.072106
71.0	958.050572
72.0	970.050867
73.0	980.005311
74.0	989.159668
75.0	991.314199
76.0	986.763720
77.0	986.159927
78.0	985.406445
79.0	982.867858
80.0	978.489708
81.0	973.613524
82.0	968.422329
83.0	961.098352
84.0	955.003233
85.0	947.632399
86.0	940.218698
87.0	930.971295
88.0	923.719126
89.0	916.412261
90.0	907.684896
91.0	899.211485
92.0	890.741271
93.0	880.462238
94.0	871.406508
95.0	862.695546
96.0	852.272666
97.0	840.452651
98.0	830.658891
99.0	821.395218
100.0	811.712757
101.0	800.557262
102.0	790.761384
103.0	778.739968
104.0	768.785100
105.0	757.739518
106.0	747.750208
107.0	736.206191
108.0	727.277983
109.0	717.582600
110.0	706.877651
111.0	694.523298
112.0	683.979630
113.0	674.804840
114.0	663.733842
115.0	655.241493
116.0	645.638556
117.0	634.482499
118.0	624.439916
119.0	613.737365
120.0	605.917664
121.0	595.680096
122.0	584.913794
123.0	576.486806
124.0	566.691173
125.0	558.681133
126.0	548.583621
127.0	539.335002
128.0	529.074027
129.0	522.260237
130.0	512.719376
131.0	503.429061
132.0	495.034973
133.0	485.340623
134.0	477.647340
135.0	469.173277
136.0	462.151680
137.0	453.292992
138.0	445.190973
139.0	437.747019
140.0	430.236889
141.0	423.877754
142.0	416.281827
143.0	410.243444
144.0	401.590440
145.0	394.627154
146.0	388.453845
147.0	382.824296
148.0	374.753525
149.0	368.723022
150.0	361.983594
151.0	355.875969
152.0	350.376859
153.0	343.369239
154.0	336.480082
155.0	331.151571
156.0	325.602490
157.0	320.566250
158.0	314.907284
159.0	309.301803
160.0	305.042653
161.0	298.949229
162.0	294.374691
163.0	288.771370
164.0	283.540393
165.0	277.025095
166.0	273.917532
167.0	269.110241
168.0	263.866692
169.0	260.057347
170.0	253.808509
171.0	249.933617
172.0	245.474724
173.0	242.833361
174.0	237.571936
175.0	233.879616
176.0	228.987255
177.0	224.949826
178.0	221.395347
179.0	217.403148
180.0	213.845575
181.0	209.651337
182.0	206.453695
183.0	202.173924
184.0	199.215533
185.0	195.855898
186.0	192.852033
187.0	188.493955
188.0	185.435656
189.0	182.916078
190.0	179.463588
191.0	175.895557
192.0	172.662918
193.0	169.720735
194.0	165.940170
195.0	163.508166
196.0	160.852705
197.0	158.374017
198.0	155.067930
199.0	152.787701
200.0	150.323823
201.0	147.665432
202.0	145.563578
203.0	142.718194
204.0	139.130477
205.0	137.345713
206.0	134.917287
207.0	132.621177
208.0	130.195908
209.0	127.817619
210.0	126.086612
211.0	123.971571
212.0	121.946988
213.0	120.171086
214.0	117.757170
215.0	115.152208
216.0	113.672936
217.0	110.741156
218.0	110.175842
219.0	109.126333
220.0	107.106986
221.0	104.176719
222.0	103.003291
223.0	101.040506
224.0	99.837193
225.0	97.832783
226.0	95.473036
227.0	95.020170
228.0	93.217940
229.0	91.049155
230.0	89.255216
231.0	87.785318
232.0	85.874250
233.0	84.921187
234.0	83.785160
235.0	82.946424
236.0	80.431412
237.0	79.769956
238.0	77.713812
239.0	76.170447
240.0	75.390611
241.0	73.794741
242.0	72.717340
243.0	70.911158
244.0	70.274479
245.0	67.791315
246.0	67.878617
247.0	65.993394
248.0	65.707451
249.0	64.486517
250.0	63.241131
251.0	62.411712
252.0	61.556340
253.0	60.576369
254.0	59.813358
255.0	58.363338
256.0	57.417348
257.0	56.326782
258.0	54.934246
259.0	53.899912
260.0	53.199848
261.0	53.139605
262.0	51.813527
263.0	51.024376
264.0	50.129065
265.0	48.636014
266.0	48.302987
267.0	47.454035
268.0	46.548962
269.0	45.755650
270.0	45.052745
271.0	43.778721
272.0	43.434768
273.0	43.292420
274.0	41.774411
275.0	41.394701
276.0	40.770098
277.0	39.785101
278.0	39.909235
279.0	38.685285
280.0	37.813607
281.0	37.317981
282.0	36.136406
283.0	35.327455
284.0	35.423471
285.0	34.328207
286.0	33.361639
287.0	33.418090
288.0	32.155620
289.0	31.139435
290.0	30.929658
291.0	30.845717
292.0	30.424648
293.0	29.788077
294.0	29.102702
295.0	28.122944
296.0	27.748086
297.0	27.764091
298.0	27.401623
299.0	27.119626
300.0	27.011756
301.0	26.534141
302.0	26.606222
303.0	27.061284
304.0	26.006324
305.0	25.873846
306.0	26.023552
307.0	25.698460
308.0	25.126689
309.0	24.940571
310.0	25.648292
311.0	24.378957
312.0	24.729121
313.0	24.714480
314.0	24.906264
315.0	24.150390
316.0	24.170178
317.0	24.312696
318.0	23.943011
319.0	23.875575
320.0	23.186464
321.0	22.874577
322.0	22.802752
323.0	23.178350
324.0	22.696672
325.0	22.647103
326.0	22.144909
327.0	21.975662
328.0	22.592108
329.0	22.042439
330.0	21.564187
331.0	21.838978
332.0	20.261483
333.0	21.228491
334.0	20.638693
335.0	20.534481
336.0	20.165878
337.0	19.166247
338.0	19.306647
339.0	19.758560
340.0	19.777962
341.0	20.020358
342.0	19.656023
343.0	19.412211
344.0	19.387010
345.0	18.595524
346.0	19.173431
347.0	18.629851
348.0	19.246426
349.0	19.335414
350.0	18.693936
351.0	19.793429
352.0	18.479656
353.0	18.267498
354.0	18.087048
355.0	18.527586
356.0	17.248773
357.0	17.437478
358.0	17.698588
359.0	17.693461
360.0	17.280334
361.0	16.886816
362.0	17.679653
363.0	16.442042
364.0	16.954176
365.0	16.896972
366.0	16.715735
367.0	16.129051
368.0	16.871599
369.0	16.044218
370.0	16.103188
371.0	15.700474
372.0	15.289263
373.0	15.796387
374.0	15.039563
375.0	15.708904
376.0	15.571568
377.0	15.547620
378.0	15.455804
379.0	15.220437
380.0	15.800259
381.0	14.434027
382.0	14.783698
383.0	14.453007
384.0	14.915016
385.0	15.073260
386.0	14.568260
387.0	14.693555
388.0	14.655435
389.0	14.932864
390.0	14.132684
391.0	14.183802
392.0	14.398771
393.0	13.902753
394.0	13.124870
395.0	13.104790
396.0	13.590321
397.0	13.318729
398.0	13.213221
399.0	13.762146
400.0	13.165619
401.0	13.029556
402.0	13.223256
403.0	13.120112
404.0	12.746102
405.0	13.110638
406.0	11.898929
407.0	12.130450
408.0	12.334401
409.0	12.721568
410.0	12.615383
411.0	11.886523
412.0	11.577860
413.0	12.263226
414.0	12.302957
415.0	12.120158
416.0	11.918571
417.0	12.103700
418.0	11.578171
419.0	11.387933
420.0	10.730362
421.0	11.489296
422.0	11.295183
423.0	11.345911
424.0	11.235624
425.0	11.103642
426.0	11.447119
427.0	11.491274
428.0	10.699401
429.0	10.753603
430.0	10.967674
431.0	11.667587
432.0	10.958975
433.0	11.143681
434.0	10.953485
435.0	11.115373
436.0	10.941199
437.0	10.587245
438.0	10.539779
439.0	10.195466
440.0	10.553065
441.0	10.773667
442.0	10.624696
443.0	10.267827
444.0	9.557306
445.0	9.643448
446.0	9.829918
447.0	10.374844
448.0	10.115204
449.0	9.643464
450.0	10.102738
451.0	9.788723
452.0	9.359718
453.0	9.536095
454.0	9.465465
455.0	9.665775
456.0	9.374091
457.0	9.474271
458.0	9.456226
459.0	9.441275
460.0	9.924996
461.0	9.356551
462.0	9.596687
463.0	9.530778
464.0	9.208012
465.0	9.138199
466.0	9.339390
467.0	9.518272
468.0	9.195749
469.0	8.773781
470.0	8.835907
471.0	9.768829
472.0	8.530683
473.0	8.890659
474.0	8.186656
475.0	8.163016
476.0	8.444556
477.0	7.925546
478.0	8.366928
479.0	7.777890
480.0	8.303996
481.0	8.814548
482.0	8.618394
483.0	7.906939
484.0	7.634309
485.0	8.366236
486.0	8.411697
487.0	7.650475
488.0	7.996409
489.0	6.930932
490.0	7.666505
491.0	7.960667
492.0	7.866421
493.0	7.948194
494.0	7.284883
495.0	7.617548
496.0	6.940339
497.0	7.749613
498.0	7.853387
499.0	6.779399
500.0	7.112727
501.0	7.254264
502.0	6.785988
503.0	6.613344
504.0	6.848945
505.0	6.876641
506.0	6.762024
507.0	6.145051
508.0	6.337715
509.0	6.436406
510.0	5.901027
511.0	6.140617
512.0	5.633612
513.0	5.874810
514.0	5.945792
515.0	6.173323
516.0	5.789641
517.0	6.575595
518.0	6.219771
519.0	6.529634
520.0	5.848969
521.0	6.321207
522.0	6.072618
523.0	6.360072
524.0	6.337032
525.0	6.658618
526.0	5.947975
527.0	5.979707
528.0	5.962013
529.0	4.989917
530.0	5.938786
531.0	5.861933
532.0	5.325490
533.0	5.994682
534.0	5.878460
535.0	5.652662
536.0	5.504318
537.0	5.647607
538.0	5.336082
539.0	5.603362
540.0	5.634975
541.0	5.009779
542.0	5.041239
543.0	5.002551
544.0	4.866387
545.0	5.044633
546.0	5.308981
547.0	4.930326
548.0	5.802172
549.0	5.376737
550.0	5.487240
551.0	5.449939
552.0	5.279287
553.0	5.061657
554.0	5.167386
555.0	5.121699
556.0	4.556186
557.0	5.329405
558.0	5.232539
559.0	5.232943
560.0	4.784483
561.0	5.049374
562.0	4.494449
563.0	5.094638
564.0	3.844951
565.0	4.894376
566.0	5.095202
567.0	4.911751
568.0	3.977597
569.0	4.129285
570.0	4.305257
571.0	5.144578
572.0	4.695110
573.0	4.320666
574.0	3.967656
575.0	4.230378
576.0	4.304863
577.0	4.522904
578.0	4.611964
579.0	4.197797
580.0	4.043788
581.0	4.364988
582.0	3.728289
583.0	4.376346
584.0	4.456335
585.0	4.446718
586.0	4.898992
587.0	4.454652
588.0	4.682732
589.0	3.891403
590.0	3.947302
591.0	4.206882
592.0	4.543716
593.0	3.908410
594.0	3.382120
595.0	3.719126
596.0	3.439098
597.0	3.994781
598.0	4.410127
599.0	4.338451
600.0	3.656552
601.0	3.573355
602.0	3.553434
603.0	3.793979
604.0	3.685124
605.0	2.966950
606.0	3.112550
607.0	2.959877
608.0	3.119394
609.0	3.593733
610.0	3.358533
611.0	3.326828
612.0	3.088816
613.0	3.795735
614.0	3.685263
615.0	2.780388
616.0	3.404538
617.0	2.234360
618.0	2.928553
619.0	3.701183
620.0	2.984198
621.0	3.366432
622.0	3.107080
623.0	3.346787
624.0	3.287650
625.0	3.380002
626.0	3.282730
627.0	2.884090
628.0	3.429074
629.0	2.688757
630.0	3.072990
631.0	3.021201
632.0	3.219931
633.0	3.172106
634.0	2.807225
635.0	2.900290
636.0	2.641986
637.0	2.483699
638.0	2.453457
639.0	3.251457
640.0	2.888468
641.0	2.757368
642.0	2.350955
643.0	3.129578
644.0	2.795698
645.0	2.887132
646.0	2.571030
647.0	2.775312
648.0	2.481088
649.0	2.239005
650.0	2.777085
651.0	2.218615
652.0	2.802275
653.0	2.291191
654.0	2.978181
655.0	2.045838
656.0	2.175799
657.0	2.379464
658.0	1.974761
659.0	2.593924
660.0	2.026988
661.0	1.781166
662.0	2.279613
663.0	2.058835
664.0	2.299422
665.0	2.747677
666.0	1.961252
667.0	2.179942
668.0	1.879228
669.0	2.196943
670.0	1.973677
671.0	1.857628
672.0	2.116983
673.0	1.682662
674.0	1.717540
675.0	1.784085
676.0	1.936070
677.0	2.300862
678.0	2.078569
679.0	2.274636
680.0	1.756834
681.0	1.348853
682.0	1.791577
683.0	2.167217
684.0	2.083100
685.0	2.072817
686.0	2.584424
687.0	1.020244
688.0	2.030809
689.0	2.078727
690.0	1.982108
691.0	2.175265
692.0	1.921511
693.0	1.250493
694.0	0.928292
695.0	1.100400
696.0	1.580978
697.0	1.109126
698.0	1.207624
699.0	1.105754
700.0	1.357842
701.0	1.709663
702.0	1.548116
703.0	1.268510
704.0	1.556263
705.0	1.137565
706.0	1.499838
707.0	1.410674
708.0	1.659627
709.0	1.424083
710.0	1.886070
711.0	0.842607
712.0	1.621093
713.0	1.445277
714.0	1.196661
715.0	1.755489
716.0	2.015099
717.0	0.826170
718.0	1.719459
719.0	1.039500
720.0	1.135528
721.0	1.319393
722.0	1.247855
723.0	0.956779
724.0	1.676633
725.0	1.540965
726.0	1.529467
727.0	1.345000
728.0	1.676027
729.0	1.751196
730.0	0.627403
731.0	0.769649
732.0	1.353859
733.0	1.013976
734.0	1.117107
735.0	1.677824
736.0	1.057727
737.0	1.134800
738.0	1.218720
739.0	1.504767
740.0	1.750844
741.0	1.594053
742.0	0.845391
743.0	0.957533
744.0	1.388402
745.0	1.162835
746.0	1.545393
747.0	1.564832
748.0	2.325855
749.0	1.136337
750.0	1.019845
751.0	1.323158
752.0	1.673685
753.0	1.581833
754.0	1.067664
755.0	1.955371
756.0	0.992366
757.0	0.751472
758.0	1.141598
759.0	1.047339
760.0	0.756642
761.0	1.267138
762.0	1.949212
763.0	1.551292
764.0	1.721284
765.0	1.393102
766.0	2.115696
767.0	1.791293
768.0	1.808423
769.0	1.580268
770.0	0.496932
771.0	1.451880
772.0	1.807897
773.0	2.200704
774.0	1.636661
775.0	1.473671
776.0	0.285593
777.0	1.149853
778.0	1.583923
779.0	0.421278
780.0	0.171923
781.0	0.915801
782.0	0.000000
783.0	1.630438
784.0	1.366230
785.0	1.509434
786.0	-1.824467
787.0	0.030767
788.0	0.847091
789.0	1.712374
790.0	2.029199
791.0	1.669737
792.0	2.160071
793.0	1.452173
794.0	2.127708
795.0	1.446364
796.0	0.724355
797.0	2.648191
798.0	-2.083635
799.0	3.370849
