0.0	-0.175439
1.0	1.656013
2.0	-2.362506
3.0	-2.967946
4.0	-2.852253
5.0	-3.198976
6.0	-0.958933
7.0	-2.696273
8.0	-1.408960
9.0	-3.248208
10.0	-1.234568
11.0	-2.242926
12.0	-0.506667
13.0	-2.721419
14.0	-4.520425
15.0	-2.959610
16.0	-1.752576
17.0	-1.727804
18.0	-4.328946
19.0	-4.554865
20.0	-0.732327
21.0	-4.306939
22.0	-1.246596
23.0	-1.113379
24.0	0.000000
25.0	-3.576538
26.0	-3.699789
27.0	-3.070175
28.0	-0.251456
29.0	-2.411072
30.0	-3.086420
31.0	-2.348975
32.0	-3.738038
33.0	-1.242212
34.0	-2.136752
35.0	-1.860119
36.0	-3.096742
37.0	-2.723332
38.0	-0.797766
39.0	0.000000
40.0	-1.653324
41.0	-2.218206
42.0	-1.850080
43.0	-3.640233
44.0	-4.141680
45.0	-2.451395
46.0	-1.775848
47.0	-1.997418
48.0	-5.794428
49.0	-1.719577
50.0	3.192999
51.0	17.462510
52.0	40.772532
53.0	71.547511
54.0	112.256149
55.0	167.116477
56.0	228.769497
57.0	291.757050
58.0	361.487179
59.0	420.783345
60.0	500.000000
61.0	573.013796
62.0	619.888889
63.0	679.309282
64.0	725.562823
65.0	769.361871
66.0	806.416275
67.0	836.115195
68.0	863.388243
69.0	882.429209
70.0	902.270884
71.0	917.692814
72.0	928.089888
73.0	939.364619
74.0	947.244687
75.0	950.982962
76.0	950.025176
77.0	945.075758
78.0	940.240194
79.0	939.331866
80.0	935.342844
81.0	930.186469
82.0	926.165803
83.0	921.213292
84.0	914.691943
85.0	909.734513
86.0	905.703457
87.0	896.259064
88.0	888.579882
89.0	882.870923
90.0	877.567003
91.0	868.657407
92.0	862.704286
93.0	854.222222
94.0	844.102010
95.0	835.106383
96.0	827.367269
97.0	817.073171
98.0	807.702835
99.0	801.422796
100.0	791.415809
101.0	781.493868
102.0	771.121962
103.0	761.322914
104.0	752.570677
105.0	742.431281
106.0	733.816964
107.0	721.194417
108.0	715.843023
109.0	704.771372
110.0	696.718449
111.0	687.387387
112.0	674.412801
113.0	667.344173
114.0	658.958724
115.0	649.295775
116.0	637.568884
117.0	630.718954
118.0	620.396411
119.0	612.689313
120.0	606.018519
121.0	594.954398
122.0	585.528716
123.0	575.156740
124.0	563.843870
125.0	556.094916
126.0	550.131027
127.0	541.014890
128.0	533.003756
129.0	523.902439
130.0	514.265644
131.0	507.902062
132.0	498.047915
133.0	490.149254
134.0	480.450734
135.0	474.806817
136.0	469.602861
137.0	459.033773
138.0	453.344344
139.0	447.242206
140.0	438.461538
141.0	431.493056
142.0	420.370370
143.0	415.590121
144.0	407.435977
145.0	400.000000
146.0	396.162179
147.0	391.639164
148.0	384.335949
149.0	375.000000
150.0	369.453727
151.0	363.470320
152.0	359.023464
153.0	352.171541
154.0	348.048624
155.0	342.689568
156.0	334.496777
157.0	329.710345
158.0	323.880141
159.0	320.029028
160.0	312.459993
161.0	304.369919
162.0	303.496503
163.0	296.489918
164.0	291.336712
165.0	287.946429
166.0	281.044348
167.0	276.162791
168.0	271.390374
169.0	267.393238
170.0	260.138609
171.0	257.147757
172.0	252.627132
173.0	250.000000
174.0	245.990493
175.0	242.225859
176.0	239.373707
177.0	233.223322
178.0	229.897934
179.0	222.509595
180.0	218.657407
181.0	216.386555
182.0	214.217099
183.0	205.072942
184.0	205.729167
185.0	199.057239
186.0	196.577200
187.0	194.421035
188.0	191.634292
189.0	188.634764
190.0	184.576271
191.0	182.161776
192.0	179.171586
193.0	177.881297
194.0	173.567635
195.0	170.350360
196.0	167.754118
197.0	164.501160
198.0	160.756501
199.0	159.625963
200.0	155.867026
201.0	152.811894
202.0	149.014778
203.0	146.788991
204.0	144.306283
205.0	143.151542
206.0	141.365791
207.0	140.098665
208.0	134.293194
209.0	134.290243
210.0	132.791328
211.0	128.994709
212.0	126.577127
213.0	127.041742
214.0	123.529412
215.0	123.205742
216.0	118.902439
217.0	119.918699
218.0	115.382858
219.0	113.227513
220.0	110.763943
221.0	111.111111
222.0	110.685242
223.0	107.656571
224.0	105.840774
225.0	102.896630
226.0	101.485826
227.0	101.613884
228.0	98.487766
229.0	97.092304
230.0	94.364052
231.0	95.253454
232.0	91.907265
233.0	92.209738
234.0	90.421456
235.0	89.592098
236.0	86.020631
237.0	82.765410
238.0	82.601881
239.0	83.274607
240.0	80.958080
241.0	79.588015
242.0	79.588015
243.0	78.070809
244.0	76.802129
245.0	76.331034
246.0	74.263996
247.0	73.690679
248.0	72.378912
249.0	71.680475
250.0	67.741935
251.0	69.651030
252.0	67.901235
253.0	66.455205
254.0	66.947073
255.0	64.378479
256.0	63.504823
257.0	62.656112
258.0	59.901532
259.0	60.250000
260.0	59.975520
261.0	60.969638
262.0	59.160305
263.0	54.629630
264.0	53.452116
265.0	55.765199
266.0	54.089164
267.0	51.910112
268.0	52.615529
269.0	51.379845
270.0	48.928686
271.0	50.595238
272.0	48.109464
273.0	45.625964
274.0	48.695652
275.0	48.367004
276.0	44.934641
277.0	44.628367
278.0	46.745775
279.0	42.500000
280.0	42.810442
281.0	43.604651
282.0	42.551566
283.0	39.644970
284.0	40.256892
285.0	38.022676
286.0	38.192214
287.0	38.056523
288.0	37.931034
289.0	38.476938
290.0	38.103549
291.0	34.278351
292.0	34.482759
293.0	34.610918
294.0	32.072072
295.0	35.600727
296.0	33.243651
297.0	33.799932
298.0	30.860327
299.0	34.010327
300.0	31.293143
301.0	32.943555
302.0	31.610256
303.0	29.053618
304.0	32.439678
305.0	30.875762
306.0	30.555556
307.0	29.872396
308.0	28.079730
309.0	30.588235
310.0	28.089888
311.0	28.163829
312.0	28.860029
313.0	30.899996
314.0	30.064163
315.0	30.648820
316.0	25.433526
317.0	28.108572
318.0	26.745885
319.0	28.153153
320.0	28.785680
321.0	26.565614
322.0	25.806452
323.0	26.608612
324.0	28.089888
325.0	28.062399
326.0	25.857655
327.0	25.302530
328.0	26.802556
329.0	26.041667
330.0	24.902717
331.0	27.659574
332.0	23.064806
333.0	25.997034
334.0	22.850567
335.0	26.450005
336.0	24.423888
337.0	24.909800
338.0	23.792478
339.0	24.916944
340.0	24.715788
341.0	25.689072
342.0	25.129637
343.0	25.078370
344.0	24.931582
345.0	21.197007
346.0	22.507154
347.0	23.605150
348.0	21.398269
349.0	23.045408
350.0	22.514620
351.0	20.258470
352.0	21.257045
353.0	21.911343
354.0	19.088319
355.0	20.186335
356.0	19.778168
357.0	22.854752
358.0	20.428752
359.0	20.624303
360.0	20.279720
361.0	19.594775
362.0	21.036229
363.0	20.833333
364.0	19.187720
365.0	19.301330
366.0	17.948718
367.0	20.533680
368.0	21.256510
369.0	17.750266
370.0	17.814818
371.0	17.320574
372.0	19.523327
373.0	16.904962
374.0	17.329545
375.0	19.629630
376.0	16.320475
377.0	18.711019
378.0	18.464066
379.0	18.724280
380.0	17.353303
381.0	15.895299
382.0	16.947162
383.0	16.997385
384.0	16.341422
385.0	16.839405
386.0	16.680181
387.0	14.975042
388.0	14.758148
389.0	15.159368
390.0	14.651883
391.0	16.784038
392.0	17.270237
393.0	16.080729
394.0	16.162913
395.0	15.785112
396.0	12.558381
397.0	14.187643
398.0	14.379085
399.0	13.608428
400.0	15.527950
401.0	14.195584
402.0	15.754100
403.0	13.698630
404.0	14.165590
405.0	14.917462
406.0	13.719512
407.0	14.290755
408.0	13.719512
409.0	13.348416
410.0	13.887268
411.0	12.944984
412.0	13.698071
413.0	10.688457
414.0	12.364444
415.0	14.323049
416.0	9.589041
417.0	12.328051
418.0	10.245902
419.0	11.719677
420.0	12.784269
421.0	12.519562
422.0	11.677672
423.0	11.508797
424.0	13.409962
425.0	13.019892
426.0	11.117062
427.0	11.711712
428.0	10.849057
429.0	10.343445
430.0	9.546539
431.0	8.652217
432.0	9.901975
433.0	10.581062
434.0	11.095730
435.0	11.002078
436.0	8.824655
437.0	10.926768
438.0	9.937692
439.0	8.120650
440.0	9.895833
441.0	11.135857
442.0	9.066667
443.0	10.411622
444.0	11.458482
445.0	10.622736
446.0	12.707532
447.0	9.426848
448.0	10.033445
449.0	9.817289
450.0	9.978992
451.0	9.881423
452.0	9.756098
453.0	11.015912
454.0	11.343284
455.0	8.872793
456.0	9.280742
457.0	9.197547
458.0	10.382868
459.0	10.321210
460.0	8.400960
461.0	7.606762
462.0	8.449477
463.0	7.421150
464.0	8.351718
465.0	7.554522
466.0	11.048159
467.0	7.279933
468.0	7.798173
469.0	9.931827
470.0	7.635747
471.0	7.825504
472.0	6.234931
473.0	8.000668
474.0	6.767051
475.0	7.719978
476.0	5.714286
477.0	6.588494
478.0	7.088989
479.0	5.434995
480.0	7.723460
481.0	8.374690
482.0	6.075713
483.0	7.227152
484.0	4.883589
485.0	4.821327
486.0	6.441667
487.0	5.787838
488.0	5.907251
489.0	7.328145
490.0	5.377262
491.0	4.170107
492.0	5.241090
493.0	4.694836
494.0	6.900329
495.0	4.854369
496.0	5.156678
497.0	7.013349
498.0	4.097161
499.0	5.780347
500.0	3.952569
501.0	3.474770
502.0	2.823548
503.0	3.431151
504.0	1.501502
505.0	4.177303
506.0	2.962963
507.0	4.084856
508.0	4.306939
509.0	5.490679
510.0	4.755736
511.0	0.762251
512.0	2.493144
513.0	4.864625
514.0	2.970809
515.0	1.614060
516.0	3.461770
517.0	0.980623
518.0	4.624736
519.0	3.300910
520.0	4.729764
521.0	3.237026
522.0	2.344828
523.0	2.525253
524.0	4.810933
525.0	2.212114
526.0	1.515152
527.0	2.257496
528.0	5.307458
529.0	3.708791
530.0	1.207386
531.0	3.102780
532.0	5.517241
533.0	1.234568
534.0	0.300702
535.0	1.881978
536.0	1.885370
537.0	0.753370
538.0	1.172883
539.0	-0.099390
540.0	1.764291
541.0	4.366323
542.0	-0.576140
543.0	0.081400
544.0	0.027056
545.0	-0.816993
546.0	-0.853534
547.0	0.197226
548.0	1.421801
549.0	2.709703
550.0	-1.137704
551.0	-1.455907
552.0	0.222649
553.0	3.498797
554.0	0.473129
555.0	-0.261051
556.0	0.000000
557.0	0.000000
558.0	0.000000
559.0	-0.550661
560.0	-0.826446
561.0	0.000000
562.0	-0.816993
563.0	0.501145
564.0	0.000000
565.0	-1.226340
566.0	0.000000
567.0	1.142391
568.0	1.222754
569.0	2.645503
570.0	0.961853
571.0	0.431997
572.0	0.000000
573.0	-0.947131
574.0	0.000000
575.0	-3.647416
576.0	0.160591
577.0	-0.457289
578.0	0.000000
579.0	0.000000
580.0	0.234226
581.0	-1.111111
582.0	-1.366120
583.0	-2.379261
584.0	-2.316404
585.0	-1.021798
586.0	-0.727008
587.0	-1.980852
588.0	0.713946
589.0	0.000000
590.0	0.000000
591.0	0.000000
592.0	-2.772508
593.0	-2.741539
594.0	-2.360835
595.0	-1.208889
596.0	-1.967793
597.0	-0.427907
598.0	-0.960922
599.0	-0.269542
600.0	-2.359882
601.0	-2.177013
602.0	-0.732708
603.0	-0.468453
604.0	-0.028388
605.0	-2.358705
606.0	-2.040176
607.0	0.000000
608.0	-2.298311
609.0	-2.920228
610.0	-1.788269
611.0	-0.294400
612.0	0.000000
613.0	-2.136449
614.0	-2.577075
615.0	-2.726809
616.0	-2.645503
617.0	-3.564004
618.0	-1.135353
619.0	-1.489886
620.0	-1.212751
621.0	-2.337110
622.0	-5.219097
623.0	-4.131268
624.0	-1.824418
625.0	-3.432081
626.0	-0.994463
627.0	-1.655702
628.0	-2.140113
629.0	-4.725554
630.0	-3.301713
631.0	-3.877466
632.0	-3.770813
633.0	-3.802166
634.0	-1.164353
635.0	-4.167179
636.0	-2.210387
637.0	-0.560901
638.0	-3.476917
639.0	-5.946952
640.0	-3.396410
641.0	-2.912783
642.0	-2.514469
643.0	-2.501563
644.0	-4.586526
645.0	-3.857376
646.0	-2.946168
647.0	-3.976194
648.0	-4.746658
649.0	-5.518336
650.0	-3.852751
651.0	-3.840246
652.0	-4.502119
653.0	-3.141136
654.0	-6.235242
655.0	-4.509583
656.0	-4.347826
657.0	-2.833304
658.0	-2.481863
659.0	-1.037960
660.0	-2.507986
661.0	-3.269314
662.0	-2.731973
663.0	-3.985285
664.0	-1.470915
665.0	-4.659842
666.0	-1.489660
667.0	-4.740916
668.0	-3.672316
669.0	-4.960115
670.0	-3.186143
671.0	-4.320533
672.0	-4.738952
673.0	-4.839367
674.0	-4.648589
675.0	-2.400332
676.0	-2.271616
677.0	-4.763149
678.0	-1.576439
679.0	-4.219247
680.0	-3.918495
681.0	-1.214698
682.0	-4.365257
683.0	-3.999784
684.0	-2.538703
685.0	-2.032345
686.0	-2.365931
687.0	-2.970900
688.0	-2.551764
689.0	-1.426273
690.0	-2.665126
691.0	-3.854233
692.0	-0.450987
693.0	-4.113924
694.0	-2.126872
695.0	0.192692
696.0	-4.291418
697.0	-1.352625
698.0	-4.750176
699.0	-3.194991
700.0	-4.057322
701.0	-0.803932
702.0	-2.853437
703.0	1.714158
704.0	-5.304740
705.0	-3.912860
706.0	-6.625997
707.0	-8.598549
708.0	0.520229
709.0	-0.904487
710.0	-6.000000
711.0	-4.248855
712.0	-1.415804
713.0	-3.952569
714.0	-6.350186
715.0	-8.232722
716.0	-6.081568
717.0	-10.338417
718.0	-8.637759
