0.0	-1.669542
1.0	-1.611890
2.0	-1.955065
3.0	-1.637798
4.0	-1.736406
5.0	-1.803111
6.0	-1.564755
7.0	-1.626092
8.0	-1.581084
9.0	-1.797898
10.0	-1.524542
11.0	-1.865672
12.0	-1.736517
13.0	-1.858723
14.0	-1.540069
15.0	-1.889296
16.0	-1.750093
17.0	-1.652150
18.0	-1.746738
19.0	-1.576647
20.0	-2.013074
21.0	-1.616533
22.0	-1.895768
23.0	-2.020200
24.0	-1.960868
25.0	-1.866058
26.0	-1.805376
27.0	-1.749374
28.0	-1.503103
29.0	-1.715854
30.0	-2.112309
31.0	-1.510321
32.0	-1.705370
33.0	-1.873090
34.0	-1.814414
35.0	-1.931682
36.0	-1.665274
37.0	-1.858135
38.0	-1.476379
39.0	-1.484230
40.0	-1.966656
41.0	-1.678616
42.0	-1.787403
43.0	-1.839141
44.0	-1.938196
45.0	-1.638100
46.0	-1.681743
47.0	-1.885857
48.0	-1.952836
49.0	-2.634190
50.0	-2.608841
51.0	2.235886
52.0	16.450869
53.0	40.333951
54.0	76.352295
55.0	125.218363
56.0	187.504712
57.0	259.053573
58.0	337.601271
59.0	418.904238
60.0	500.000000
61.0	576.555024
62.0	646.416685
63.0	708.623619
64.0	763.829763
65.0	810.119481
66.0	849.325818
67.0	882.851212
68.0	911.180427
69.0	933.573787
70.0	951.770117
71.0	966.189463
72.0	977.287436
73.0	985.683493
74.0	992.901779
75.0	997.093179
76.0	993.995510
77.0	992.100526
78.0	990.128344
79.0	986.576664
80.0	981.241309
81.0	974.788491
82.0	967.055621
83.0	958.799964
84.0	949.928625
85.0	941.587612
86.0	931.837693
87.0	922.987508
88.0	913.845670
89.0	904.522306
90.0	895.014609
91.0	884.623823
92.0	874.933345
93.0	865.217372
94.0	854.551445
95.0	843.922413
96.0	834.273846
97.0	822.960404
98.0	811.695180
99.0	800.344875
100.0	788.831549
101.0	778.052364
102.0	767.562113
103.0	755.830586
104.0	744.447691
105.0	733.072516
106.0	722.529972
107.0	711.878629
108.0	701.492783
109.0	689.510953
110.0	678.925489
111.0	667.830747
112.0	657.515443
113.0	647.000296
114.0	636.523336
115.0	626.179776
116.0	617.022270
117.0	606.258238
118.0	596.894886
119.0	586.728259
120.0	576.950952
121.0	568.039211
122.0	557.703542
123.0	549.184522
124.0	539.336712
125.0	530.227600
126.0	521.770309
127.0	511.707946
128.0	503.556423
129.0	495.073710
130.0	487.600735
131.0	478.645066
132.0	470.420899
133.0	462.084823
134.0	454.575454
135.0	447.157573
136.0	439.435998
137.0	430.926233
138.0	423.367866
139.0	416.844140
140.0	410.182190
141.0	402.444030
142.0	396.738188
143.0	388.873890
144.0	381.688466
145.0	375.720883
146.0	369.068886
147.0	363.145010
148.0	357.012326
149.0	349.913864
150.0	344.906296
151.0	338.271738
152.0	332.502212
153.0	326.685253
154.0	320.665499
155.0	314.888968
156.0	309.618316
157.0	304.378284
158.0	299.455402
159.0	293.681078
160.0	288.080528
161.0	283.080302
162.0	278.601220
163.0	273.841288
164.0	268.178742
165.0	263.838370
166.0	259.561864
167.0	255.248615
168.0	250.394380
169.0	246.038554
170.0	242.152051
171.0	236.926068
172.0	233.022872
173.0	228.988588
174.0	225.162310
175.0	220.466602
176.0	216.769143
177.0	213.197052
178.0	209.530103
179.0	205.276517
180.0	202.252550
181.0	199.125898
182.0	194.639668
183.0	191.049128
184.0	188.100755
185.0	184.956392
186.0	182.194467
187.0	178.677193
188.0	175.404931
189.0	172.551531
190.0	169.332927
191.0	166.632718
192.0	163.973793
193.0	160.949350
194.0	157.689565
195.0	155.298261
196.0	152.355762
197.0	149.740953
198.0	147.167716
199.0	144.853869
200.0	142.770204
201.0	139.383376
202.0	136.548187
203.0	134.260889
204.0	132.572133
205.0	129.765114
206.0	127.626771
207.0	125.186997
208.0	122.843444
209.0	121.194994
210.0	118.228528
211.0	116.856614
212.0	115.061833
213.0	112.901752
214.0	110.754467
215.0	109.278556
216.0	107.229191
217.0	105.730741
218.0	103.227689
219.0	101.439847
220.0	99.894905
221.0	98.406541
222.0	96.804625
223.0	94.725086
224.0	93.198556
225.0	91.698624
226.0	90.468090
227.0	88.988380
228.0	87.652908
229.0	86.244220
230.0	84.935644
231.0	83.868256
232.0	81.684941
233.0	80.255662
234.0	79.231598
235.0	78.535311
236.0	76.895533
237.0	75.747706
238.0	74.739851
239.0	73.328022
240.0	72.883057
241.0	71.201589
242.0	69.832971
243.0	68.505043
244.0	67.776240
245.0	66.696146
246.0	65.602575
247.0	64.346925
248.0	63.374538
249.0	62.798762
250.0	61.622764
251.0	60.521513
252.0	59.415942
253.0	58.518511
254.0	57.501327
255.0	56.400511
256.0	55.459395
257.0	54.268656
258.0	53.261952
259.0	52.725176
260.0	51.760580
261.0	51.033500
262.0	50.090904
263.0	49.471300
264.0	48.124287
265.0	47.318467
266.0	46.844491
267.0	45.908972
268.0	45.028143
269.0	44.167335
270.0	43.573141
271.0	42.576967
272.0	42.167779
273.0	41.363059
274.0	40.854954
275.0	39.686998
276.0	38.997335
277.0	38.237993
278.0	37.253863
279.0	36.620641
280.0	36.118234
281.0	35.214966
282.0	35.067490
283.0	33.849697
284.0	32.806291
285.0	32.529320
286.0	31.618966
287.0	31.335595
288.0	30.580981
289.0	29.732153
290.0	29.387698
291.0	28.569494
292.0	27.877138
293.0	27.680567
294.0	26.780366
295.0	26.746235
296.0	26.133209
297.0	25.926476
298.0	25.489572
299.0	25.415760
300.0	25.520586
301.0	24.961637
302.0	24.758705
303.0	24.351385
304.0	24.327335
305.0	23.917922
306.0	23.530820
307.0	23.606246
308.0	23.468282
309.0	23.574030
310.0	23.026032
311.0	22.975494
312.0	22.639120
313.0	22.255943
314.0	22.202689
315.0	22.221018
316.0	21.869613
317.0	21.850028
318.0	21.621180
319.0	21.677463
320.0	21.562408
321.0	20.861486
322.0	20.822171
323.0	20.765734
324.0	20.567558
325.0	20.315253
326.0	20.286055
327.0	20.073675
328.0	19.831800
329.0	19.841757
330.0	19.437116
331.0	19.251735
332.0	19.176348
333.0	19.400980
334.0	19.195740
335.0	19.004111
336.0	19.249905
337.0	18.845420
338.0	18.634926
339.0	18.161907
340.0	18.068248
341.0	17.989790
342.0	18.181006
343.0	17.505193
344.0	17.649239
345.0	17.715058
346.0	17.539378
347.0	16.970119
348.0	17.167347
349.0	17.286591
350.0	16.743494
351.0	16.612022
352.0	16.656349
353.0	16.699648
354.0	16.453160
355.0	16.534392
356.0	16.229338
357.0	16.030534
358.0	15.631332
359.0	15.964674
360.0	15.515352
361.0	15.632673
362.0	15.437019
363.0	15.438426
364.0	15.611932
365.0	15.108831
366.0	14.706097
367.0	14.856440
368.0	14.835373
369.0	15.046119
370.0	14.617814
371.0	14.645141
372.0	14.556771
373.0	14.198564
374.0	14.167341
375.0	14.540398
376.0	13.850206
377.0	14.071782
378.0	14.315564
379.0	13.843922
380.0	13.944223
381.0	13.578238
382.0	13.629779
383.0	13.443867
384.0	13.593424
385.0	13.186813
386.0	13.602442
387.0	13.096417
388.0	13.101260
389.0	13.003026
390.0	12.922741
391.0	13.105831
392.0	12.839854
393.0	12.519366
394.0	12.587413
395.0	12.653651
396.0	12.291546
397.0	12.302498
398.0	12.122772
399.0	11.989282
400.0	11.878807
401.0	12.103142
402.0	11.760984
403.0	11.783076
404.0	11.724668
405.0	11.679831
406.0	11.703242
407.0	11.566236
408.0	11.498776
409.0	11.229631
410.0	11.236142
411.0	11.105404
412.0	11.382932
413.0	11.352604
414.0	11.073035
415.0	10.797025
416.0	10.670352
417.0	10.480963
418.0	10.654953
419.0	10.472296
420.0	10.512031
421.0	10.540979
422.0	10.464464
423.0	10.043765
424.0	10.059262
425.0	10.413456
426.0	9.812438
427.0	10.250187
428.0	10.026738
429.0	9.899236
430.0	9.681611
431.0	9.928402
432.0	9.614131
433.0	9.976102
434.0	9.804879
435.0	9.657556
436.0	9.727738
437.0	9.543269
438.0	9.655224
439.0	9.456087
440.0	9.400705
441.0	9.190458
442.0	9.094029
443.0	9.339466
444.0	9.460232
445.0	9.264609
446.0	8.894004
447.0	8.924294
448.0	8.838951
449.0	8.717845
450.0	9.427551
451.0	8.789174
452.0	8.703619
453.0	9.222073
454.0	8.837147
455.0	8.413111
456.0	8.888453
457.0	8.460531
458.0	8.189900
459.0	8.214375
460.0	8.794589
461.0	8.778446
462.0	8.317860
463.0	8.195092
464.0	8.231439
465.0	8.714154
466.0	8.644436
467.0	8.390624
468.0	8.433142
469.0	8.213883
470.0	8.236228
471.0	8.176126
472.0	8.143213
473.0	7.852507
474.0	7.843880
475.0	7.805794
476.0	7.604140
477.0	7.828505
478.0	8.179534
479.0	8.023550
480.0	7.425368
481.0	7.547007
482.0	7.730215
483.0	7.495315
484.0	7.527084
485.0	7.552379
486.0	7.377224
487.0	7.782243
488.0	7.579553
489.0	7.407496
490.0	7.405855
491.0	7.222135
492.0	7.105344
493.0	7.440185
494.0	7.136967
495.0	7.110877
496.0	7.176840
497.0	7.094881
498.0	7.183449
499.0	7.163379
500.0	7.202406
501.0	7.196776
502.0	7.140573
503.0	7.026488
504.0	6.656228
505.0	6.900914
506.0	6.761745
507.0	6.827201
508.0	6.940616
509.0	6.945284
510.0	6.917289
511.0	6.677279
512.0	6.802669
513.0	6.806699
514.0	6.511219
515.0	6.810858
516.0	6.658025
517.0	6.560392
518.0	6.364991
519.0	6.528818
520.0	6.205863
521.0	6.475783
522.0	6.812129
523.0	6.237989
524.0	6.515998
525.0	6.579309
526.0	6.143295
527.0	6.151851
528.0	6.145745
529.0	6.087411
530.0	6.345913
531.0	5.947324
532.0	6.426806
533.0	5.926943
534.0	5.974526
535.0	6.027953
536.0	5.903169
537.0	6.205863
538.0	6.059718
539.0	6.138976
540.0	6.091084
541.0	5.689111
542.0	5.829399
543.0	5.810450
544.0	5.755445
545.0	5.758524
546.0	5.894302
547.0	5.768063
548.0	5.652690
549.0	5.427939
550.0	5.673192
551.0	5.521566
552.0	5.449323
553.0	5.686975
554.0	5.564921
555.0	5.584065
556.0	5.617481
557.0	5.510151
558.0	5.288768
559.0	5.318336
560.0	5.180768
561.0	5.220299
562.0	5.306604
563.0	5.257031
564.0	5.385933
565.0	5.019686
566.0	5.447098
567.0	4.793067
568.0	4.974703
569.0	5.047204
570.0	4.954461
571.0	5.175125
572.0	5.128622
573.0	5.191671
574.0	4.938395
575.0	4.905203
576.0	4.839402
577.0	5.113845
578.0	4.751457
579.0	4.620236
580.0	4.903721
581.0	4.507862
582.0	4.662098
583.0	4.889183
584.0	4.563718
585.0	4.440990
586.0	4.766230
587.0	4.523614
588.0	4.618343
589.0	4.746581
590.0	4.441392
591.0	4.305504
592.0	4.487120
593.0	4.541590
594.0	4.473934
595.0	4.433390
596.0	4.398855
597.0	4.540207
598.0	4.229031
599.0	4.584559
600.0	4.495717
601.0	4.343881
602.0	4.450603
603.0	4.172156
604.0	3.989597
605.0	4.251533
606.0	4.055977
607.0	4.244090
608.0	4.140876
609.0	3.959624
610.0	4.347826
611.0	4.041201
612.0	3.800370
613.0	4.059825
614.0	3.960482
615.0	3.733164
616.0	4.119656
617.0	3.877814
618.0	3.655968
619.0	3.414202
620.0	4.133517
621.0	3.567862
622.0	3.623469
623.0	3.776697
624.0	3.623049
625.0	3.462008
626.0	3.655237
627.0	3.493789
628.0	3.432184
629.0	3.469597
630.0	3.820276
631.0	3.401712
632.0	3.796670
633.0	3.413770
634.0	3.203613
635.0	3.037605
636.0	3.475551
637.0	3.767998
638.0	3.523610
639.0	3.118054
640.0	3.254989
641.0	3.162435
642.0	3.368411
643.0	3.345725
644.0	3.204307
645.0	3.301560
646.0	3.349808
647.0	3.358109
648.0	3.118503
649.0	3.225806
650.0	3.038184
651.0	3.026354
652.0	2.963214
653.0	2.994948
654.0	3.163445
655.0	2.601712
656.0	2.695560
657.0	2.889156
658.0	2.886828
659.0	2.761301
660.0	2.838061
661.0	3.053397
662.0	2.840599
663.0	2.571817
664.0	2.888281
665.0	2.815789
666.0	2.719749
667.0	2.872035
668.0	2.680496
669.0	2.780884
670.0	2.440818
671.0	2.554104
672.0	2.829252
673.0	2.512075
674.0	2.733705
675.0	3.008162
676.0	2.706077
677.0	2.552190
678.0	2.989459
679.0	2.419151
680.0	2.488695
681.0	2.444280
682.0	2.659596
683.0	2.658418
684.0	2.400359
685.0	2.492447
686.0	2.580246
687.0	2.347533
688.0	2.619874
689.0	2.224140
690.0	2.175594
691.0	2.449922
692.0	2.480040
693.0	2.133273
694.0	2.073089
695.0	2.452235
696.0	2.459216
697.0	2.263437
698.0	2.206525
699.0	2.421242
700.0	2.484215
701.0	2.264546
702.0	2.308904
703.0	2.113188
704.0	2.219873
705.0	2.127030
706.0	2.009888
707.0	2.120906
708.0	2.370558
709.0	2.127772
710.0	2.223289
711.0	2.360101
712.0	2.144104
713.0	2.164145
714.0	2.115488
715.0	2.001416
716.0	2.019037
717.0	2.197979
718.0	2.433598
719.0	1.987343
720.0	2.128112
721.0	2.298262
722.0	2.220941
723.0	2.208014
724.0	1.943446
725.0	2.110595
726.0	2.015561
727.0	1.816016
728.0	1.918700
729.0	2.181957
730.0	2.053777
731.0	2.143859
732.0	1.896979
733.0	1.879594
734.0	1.843636
735.0	1.745109
736.0	1.839625
737.0	2.100390
738.0	1.762737
739.0	1.846004
740.0	1.912952
741.0	1.836573
742.0	1.865361
743.0	1.654163
744.0	1.829525
745.0	1.572471
746.0	1.903472
747.0	1.859981
748.0	1.911566
749.0	1.436985
750.0	1.543600
751.0	1.980633
752.0	1.411931
753.0	1.874035
754.0	1.803843
755.0	1.662412
756.0	2.238028
757.0	1.809107
758.0	1.803846
759.0	1.729903
760.0	1.697030
761.0	1.953666
762.0	1.871285
763.0	1.979204
764.0	1.866562
765.0	1.895735
766.0	1.725316
767.0	1.891819
768.0	1.515380
769.0	1.544423
770.0	1.701263
771.0	1.793623
772.0	1.704509
773.0	1.765606
774.0	2.160152
775.0	1.700313
776.0	1.963892
777.0	1.754164
778.0	1.827211
779.0	1.583659
780.0	1.245949
781.0	1.845897
782.0	1.735418
783.0	1.941153
784.0	1.666957
785.0	1.793153
786.0	1.770359
787.0	1.822170
788.0	1.900702
789.0	1.891956
790.0	1.377410
791.0	1.399347
792.0	1.829713
793.0	1.635297
794.0	1.495406
795.0	1.674950
796.0	1.774946
797.0	1.755706
798.0	1.409469
799.0	1.628134
800.0	1.813490
801.0	2.015902
802.0	1.701681
803.0	1.773053
804.0	1.641899
805.0	1.409984
806.0	1.915515
807.0	1.856604
808.0	1.309368
809.0	1.852371
810.0	1.746653
811.0	1.598262
812.0	1.228057
813.0	1.121290
814.0	1.377550
815.0	1.810132
816.0	1.675385
817.0	1.463409
818.0	1.591687
819.0	1.328000
820.0	1.170300
821.0	1.271439
822.0	1.452597
823.0	1.535890
824.0	1.294414
825.0	1.687648
826.0	1.737347
827.0	1.659155
828.0	1.692118
829.0	1.413776
830.0	1.305353
831.0	1.470571
832.0	1.610610
833.0	1.599513
834.0	1.577961
835.0	1.327262
836.0	1.517750
837.0	1.715942
838.0	1.556111
839.0	1.357791
840.0	1.208517
841.0	1.537252
842.0	1.459049
843.0	1.893637
844.0	1.368372
845.0	1.190394
846.0	1.406397
847.0	1.347076
848.0	1.109232
849.0	1.427539
850.0	1.790176
851.0	1.503020
852.0	1.614715
853.0	1.353319
854.0	0.908968
855.0	0.550307
856.0	1.914039
857.0	1.391592
858.0	1.247749
859.0	1.332425
860.0	1.769757
