0.0	-2.268236
1.0	-0.371369
2.0	-0.790856
3.0	0.000000
4.0	-1.653616
5.0	-3.855313
6.0	-1.520539
7.0	-0.944558
8.0	0.000000
9.0	-2.121668
10.0	-1.373282
11.0	0.000000
12.0	-0.339350
13.0	-0.196794
14.0	-2.715880
15.0	-1.586850
16.0	-2.540476
17.0	-1.769810
18.0	-2.202632
19.0	0.182383
20.0	-1.653679
21.0	-0.966278
22.0	-1.184348
23.0	-1.044460
24.0	-3.407750
25.0	-0.976572
26.0	-2.876863
27.0	0.000000
28.0	-1.260904
29.0	-0.619528
30.0	-2.012511
31.0	-0.913420
32.0	-0.028253
33.0	-0.898440
34.0	-1.004615
35.0	-3.108200
36.0	-0.607526
37.0	-0.631848
38.0	-2.716894
39.0	-1.870709
40.0	-2.738737
41.0	-2.313748
42.0	2.226087
43.0	-1.711540
44.0	0.000000
45.0	0.000000
46.0	-2.322661
47.0	-2.080308
48.0	-3.751371
49.0	-2.421143
50.0	6.644206
51.0	16.952331
52.0	37.315868
53.0	72.151281
54.0	112.246038
55.0	164.442923
56.0	223.148908
57.0	288.770167
58.0	357.959899
59.0	417.565580
60.0	500.000000
61.0	571.174569
62.0	619.414178
63.0	676.250911
64.0	725.986015
65.0	768.565111
66.0	804.342910
67.0	835.235048
68.0	860.884407
69.0	882.915622
70.0	902.579677
71.0	919.239036
72.0	928.539413
73.0	939.054310
74.0	946.642359
75.0	951.209642
76.0	949.482266
77.0	946.086344
78.0	940.642052
79.0	937.049244
80.0	932.163322
81.0	928.957592
82.0	922.784984
83.0	918.619911
84.0	912.810771
85.0	907.746863
86.0	900.045147
87.0	894.770687
88.0	887.392988
89.0	879.098584
90.0	873.941914
91.0	864.355316
92.0	855.766744
93.0	848.844948
94.0	841.261550
95.0	832.977206
96.0	823.770094
97.0	814.339033
98.0	804.617399
99.0	795.199950
100.0	785.030399
101.0	774.197760
102.0	767.654779
103.0	756.285635
104.0	746.582008
105.0	733.659463
106.0	725.246441
107.0	717.927695
108.0	707.972010
109.0	702.544252
110.0	687.531347
111.0	678.213252
112.0	668.144609
113.0	657.094425
114.0	650.555154
115.0	642.159916
116.0	630.676845
117.0	623.222648
118.0	615.139439
119.0	601.941582
120.0	596.414827
121.0	585.592680
122.0	575.939528
123.0	564.106791
124.0	559.424833
125.0	551.681305
126.0	540.436424
127.0	531.435124
128.0	520.913194
129.0	517.905334
130.0	507.399441
131.0	497.479071
132.0	491.465596
133.0	480.942427
134.0	474.334324
135.0	466.361287
136.0	458.614820
137.0	451.827184
138.0	444.435228
139.0	437.337584
140.0	426.434929
141.0	425.134676
142.0	414.694875
143.0	412.084064
144.0	398.473063
145.0	393.172246
146.0	388.494173
147.0	382.644914
148.0	376.432041
149.0	369.137130
150.0	363.802935
151.0	354.434708
152.0	352.351325
153.0	347.406633
154.0	340.205787
155.0	334.584537
156.0	331.231669
157.0	323.746786
158.0	318.990972
159.0	311.237963
160.0	304.398154
161.0	302.560152
162.0	295.745769
163.0	289.018940
164.0	283.858179
165.0	280.665184
166.0	276.328703
167.0	269.040233
168.0	266.730611
169.0	259.347939
170.0	257.513263
171.0	251.661062
172.0	248.391653
173.0	240.525457
174.0	239.078797
175.0	239.467800
176.0	229.505246
177.0	227.545957
178.0	223.864856
179.0	221.708050
180.0	214.995750
181.0	210.844581
182.0	207.294715
183.0	206.004846
184.0	199.488047
185.0	196.068087
186.0	195.861268
187.0	194.088618
188.0	186.417677
189.0	185.049297
190.0	181.515866
191.0	176.479342
192.0	176.745951
193.0	172.324381
194.0	172.698550
195.0	168.512495
196.0	163.446530
197.0	159.566958
198.0	160.941546
199.0	155.947381
200.0	152.041204
201.0	149.345834
202.0	144.726483
203.0	144.230201
204.0	143.718387
205.0	140.840274
206.0	139.604466
207.0	138.497199
208.0	133.361045
209.0	130.954967
210.0	130.190453
211.0	128.493367
212.0	123.656958
213.0	123.062460
214.0	123.538240
215.0	120.647213
216.0	117.289198
217.0	116.967916
218.0	116.736658
219.0	111.408818
220.0	109.527432
221.0	108.449800
222.0	105.875775
223.0	104.712849
224.0	102.077046
225.0	100.525150
226.0	98.460283
227.0	97.178490
228.0	98.075929
229.0	95.335788
230.0	93.669771
231.0	91.257344
232.0	89.614092
233.0	85.847042
234.0	85.306313
235.0	84.792281
236.0	83.399527
237.0	82.546281
238.0	82.541528
239.0	80.143143
240.0	79.012549
241.0	79.924645
242.0	76.830550
243.0	77.349738
244.0	73.439313
245.0	73.426927
246.0	70.654529
247.0	70.613354
248.0	70.130477
249.0	67.834808
250.0	67.443805
251.0	64.901355
252.0	64.610507
253.0	66.337155
254.0	64.931100
255.0	62.950412
256.0	64.103276
257.0	61.214786
258.0	60.659013
259.0	59.711043
260.0	61.128250
261.0	58.376550
262.0	56.520969
263.0	53.600253
264.0	56.360845
265.0	53.873374
266.0	55.111435
267.0	55.046972
268.0	50.650869
269.0	51.446866
270.0	50.240189
271.0	48.801751
272.0	48.244655
273.0	47.346591
274.0	49.580791
275.0	49.652888
276.0	45.782663
277.0	46.925650
278.0	42.873703
279.0	43.888849
280.0	42.029618
281.0	42.327742
282.0	39.254180
283.0	41.510667
284.0	39.862292
285.0	40.321407
286.0	37.378292
287.0	36.679590
288.0	38.107638
289.0	37.120049
290.0	37.524532
291.0	35.250225
292.0	34.572315
293.0	33.858478
294.0	34.960602
295.0	35.587607
296.0	35.581108
297.0	33.869611
298.0	34.024875
299.0	34.592994
300.0	34.105851
301.0	33.076119
302.0	31.511914
303.0	32.012489
304.0	30.755966
305.0	30.053164
306.0	29.992402
307.0	31.248667
308.0	33.090924
309.0	32.775410
310.0	31.370197
311.0	30.171897
312.0	30.507177
313.0	33.949846
314.0	29.343141
315.0	30.475370
316.0	32.961677
317.0	30.087057
318.0	30.555008
319.0	27.487401
320.0	29.919770
321.0	30.375447
322.0	28.708528
323.0	27.285329
324.0	29.170832
325.0	30.527890
326.0	31.141070
327.0	28.879308
328.0	25.605723
329.0	26.857755
330.0	27.843246
331.0	25.816826
332.0	26.501287
333.0	26.888029
334.0	26.797370
335.0	27.055015
336.0	26.942555
337.0	26.168199
338.0	27.145516
339.0	25.152433
340.0	26.836915
341.0	25.417171
342.0	26.654137
343.0	26.620710
344.0	24.222377
345.0	26.071066
346.0	26.224098
347.0	23.855531
348.0	24.107268
349.0	22.486660
350.0	24.085569
351.0	23.214986
352.0	24.415724
353.0	21.427161
354.0	22.378001
355.0	22.970871
356.0	20.094109
357.0	21.146348
358.0	21.277727
359.0	21.634245
360.0	21.692070
361.0	23.047619
362.0	20.822636
363.0	21.251468
364.0	21.491074
365.0	21.601536
366.0	23.445155
367.0	21.311475
368.0	22.968265
369.0	20.684032
370.0	21.509297
371.0	18.693991
372.0	18.370235
373.0	18.350093
374.0	21.018086
375.0	18.200094
376.0	19.352472
377.0	20.254378
378.0	18.575024
379.0	16.876238
380.0	18.172067
381.0	17.887881
382.0	18.306607
383.0	16.873681
384.0	17.860716
385.0	17.368319
386.0	16.492178
387.0	17.470364
388.0	16.454773
389.0	17.869525
390.0	18.856373
391.0	18.125178
392.0	16.173445
393.0	17.699884
394.0	14.440216
395.0	13.385710
396.0	15.695866
397.0	17.264292
398.0	16.553775
399.0	16.064226
400.0	14.718713
401.0	15.307095
402.0	16.155829
403.0	14.344225
404.0	13.102956
405.0	13.729748
406.0	15.483624
407.0	15.250638
408.0	13.235643
409.0	14.403928
410.0	12.829209
411.0	16.116607
412.0	14.402254
413.0	14.088138
414.0	17.418876
415.0	13.689626
416.0	12.722271
417.0	13.910487
418.0	13.842407
419.0	13.810374
420.0	12.136192
421.0	12.320536
422.0	12.106655
423.0	12.254810
424.0	14.649960
425.0	13.595928
426.0	13.252496
427.0	15.059580
428.0	12.965098
429.0	13.021852
430.0	12.259207
431.0	14.102732
432.0	13.916363
433.0	12.538704
434.0	12.149386
435.0	13.446630
436.0	11.772800
437.0	12.259694
438.0	10.441091
439.0	11.737348
440.0	12.971431
441.0	11.644680
442.0	9.863104
443.0	13.217058
444.0	8.985428
445.0	10.627368
446.0	10.062498
447.0	10.087062
448.0	9.244234
449.0	9.545542
450.0	8.714533
451.0	9.638058
452.0	10.326743
453.0	10.101120
454.0	9.107055
455.0	11.719044
456.0	8.611030
457.0	9.554209
458.0	8.881402
459.0	10.000000
460.0	9.064413
461.0	8.944633
462.0	8.841002
463.0	8.778235
464.0	7.500291
465.0	8.316445
466.0	7.918477
467.0	10.359625
468.0	9.608030
469.0	5.723508
470.0	8.686991
471.0	7.120095
472.0	6.324555
473.0	6.712086
474.0	9.017651
475.0	9.275722
476.0	8.893498
477.0	9.525039
478.0	6.877901
479.0	7.980424
480.0	9.319011
481.0	7.065345
482.0	7.131606
483.0	6.746317
484.0	8.576130
485.0	8.195640
486.0	7.047731
487.0	8.519388
488.0	9.266261
489.0	8.374441
490.0	7.759633
491.0	9.082871
492.0	6.397919
493.0	6.187959
494.0	8.757158
495.0	6.342847
496.0	5.449103
497.0	7.094376
498.0	9.123783
499.0	3.904367
500.0	7.639551
501.0	8.543974
502.0	8.164064
503.0	6.064850
504.0	7.696883
505.0	5.299867
506.0	8.574458
507.0	6.999340
508.0	5.491622
509.0	7.016846
510.0	5.913435
511.0	5.224253
512.0	5.929594
513.0	3.402769
514.0	5.895564
515.0	6.324115
516.0	5.630895
517.0	7.175825
518.0	4.815286
519.0	6.232687
520.0	3.928814
521.0	6.178235
522.0	7.038246
523.0	4.602620
524.0	6.114764
525.0	4.185219
526.0	3.468588
527.0	4.800601
528.0	7.416151
529.0	3.810287
530.0	3.902288
531.0	3.617706
532.0	2.792034
533.0	1.380559
534.0	3.064371
535.0	3.890518
536.0	4.472575
537.0	4.374787
538.0	7.063192
539.0	4.577266
540.0	3.398585
541.0	5.649486
542.0	5.587868
543.0	0.976548
544.0	4.020048
545.0	3.841729
546.0	4.917382
547.0	5.021811
548.0	5.714516
549.0	4.830466
550.0	4.142514
551.0	3.364272
552.0	3.871262
553.0	2.672598
554.0	3.239774
555.0	2.350290
556.0	1.703782
557.0	4.192514
558.0	2.343877
559.0	0.974560
560.0	0.257211
561.0	0.968674
562.0	2.561352
563.0	1.332484
564.0	0.000000
565.0	0.954835
566.0	3.175267
567.0	0.057026
568.0	2.341281
569.0	0.000000
570.0	1.582583
571.0	1.612790
572.0	-1.371830
573.0	1.873951
574.0	0.187014
575.0	1.671354
576.0	1.120405
577.0	1.229470
578.0	0.013330
579.0	-1.091754
580.0	0.013038
581.0	-0.217913
582.0	0.000000
583.0	0.563997
584.0	-0.989761
585.0	-0.447337
586.0	-0.089087
587.0	0.000000
588.0	0.357676
589.0	0.854712
590.0	0.000000
591.0	0.914329
592.0	0.000000
593.0	-0.025161
594.0	0.596893
595.0	0.000000
596.0	0.000000
597.0	0.000000
598.0	0.007111
599.0	-2.670740
600.0	-1.741284
601.0	-2.335397
602.0	0.000000
603.0	-2.469898
604.0	-4.903101
605.0	-1.857172
606.0	-2.073314
607.0	-4.840569
608.0	-0.978439
609.0	-2.260321
610.0	-3.394883
611.0	-0.579387
612.0	-1.845739
613.0	-3.455747
614.0	-1.503737
615.0	-0.894371
616.0	-0.945166
617.0	-1.353280
618.0	-2.994882
619.0	-2.682254
620.0	-3.887286
621.0	-3.145391
622.0	-3.957041
623.0	-4.766131
624.0	-1.918036
625.0	0.000000
626.0	-4.148267
627.0	-3.805633
628.0	-4.170696
629.0	-2.380952
630.0	-0.821018
631.0	-2.948318
632.0	-2.653020
633.0	-2.021479
634.0	-1.900476
635.0	-1.675335
636.0	-3.617534
637.0	-3.496302
638.0	-3.336275
639.0	-2.997602
640.0	-0.683450
641.0	-1.529470
642.0	-2.433846
643.0	-2.484157
644.0	-3.017209
645.0	-1.914894
646.0	-1.580073
647.0	-2.534562
648.0	-3.088011
649.0	-1.245012
650.0	-1.220172
651.0	-3.328991
652.0	-0.354975
653.0	-3.202329
654.0	-4.461847
655.0	-1.147780
656.0	-1.724477
657.0	-2.915498
658.0	-2.371321
659.0	-5.110827
660.0	-3.387622
661.0	-2.372356
662.0	-4.176003
663.0	-4.484896
664.0	-1.787936
665.0	-2.440534
666.0	-3.919515
667.0	-2.986678
668.0	-4.327988
669.0	-3.623188
670.0	-2.857143
671.0	-4.413737
672.0	-5.055907
673.0	-2.799036
674.0	-3.434767
675.0	-2.267475
676.0	-3.398253
677.0	-5.283304
678.0	-2.162415
679.0	-2.774096
680.0	-4.630598
681.0	-4.071075
682.0	-3.291953
683.0	-6.116917
684.0	-3.012731
685.0	-4.525421
686.0	-3.512232
687.0	-6.387492
688.0	-2.889294
689.0	-3.784902
690.0	-0.946953
691.0	-5.396825
692.0	-6.089392
693.0	-3.628118
694.0	-4.348623
695.0	-4.255460
696.0	-3.915071
697.0	-1.724445
698.0	-3.993625
699.0	-5.248307
700.0	-4.565182
701.0	-3.621801
702.0	-6.116088
703.0	-1.223657
704.0	-4.060914
705.0	-3.422287
706.0	-0.815217
707.0	-0.020831
708.0	-0.793796
709.0	-2.026342
710.0	-2.395033
711.0	-2.931377
712.0	0.651324
713.0	-0.998084
714.0	-1.063530
715.0	2.638313
716.0	-5.942777
717.0	-5.924781
718.0	-3.961644
719.0	-3.130870
720.0	-9.405289
721.0	2.223091
722.0	-1.949318
723.0	-0.325294
724.0	-1.096547
725.0	-3.674444
726.0	-4.227202
727.0	-6.785898
728.0	-3.371615
729.0	-3.731156
730.0	-0.289933
731.0	-9.454061
732.0	1.904589
733.0	4.829400
734.0	-4.461940
