0.0	3.576396
1.0	2.962963
2.0	4.380242
3.0	-0.641026
4.0	3.421554
5.0	2.613447
6.0	2.761760
7.0	2.863522
8.0	2.011768
9.0	1.412429
10.0	2.569271
11.0	-0.855104
12.0	1.922781
13.0	0.379651
14.0	4.311557
15.0	3.390728
16.0	3.475904
17.0	-0.069067
18.0	2.564979
19.0	2.254642
20.0	0.000000
21.0	3.751627
22.0	0.336927
23.0	3.720627
24.0	-2.123347
25.0	1.106911
26.0	2.166378
27.0	4.904734
28.0	1.383188
29.0	3.716533
30.0	2.984660
31.0	0.125000
32.0	0.512623
33.0	1.582557
34.0	3.060652
35.0	2.450252
36.0	-0.250000
37.0	0.000000
38.0	-1.395756
39.0	0.000000
40.0	2.843035
41.0	0.000000
42.0	0.000000
43.0	0.000000
44.0	0.616713
45.0	1.558210
46.0	1.195303
47.0	-1.959248
48.0	0.000000
49.0	4.440154
50.0	8.675079
51.0	21.481481
52.0	49.564797
53.0	79.742080
54.0	121.616809
55.0	171.215881
56.0	227.963262
57.0	295.304233
58.0	364.465322
59.0	418.097725
60.0	500.000000
61.0	569.593383
62.0	620.236356
63.0	673.423034
64.0	725.738397
65.0	766.915683
66.0	801.313698
67.0	833.767107
68.0	860.485056
69.0	882.846567
70.0	898.806865
71.0	913.055954
72.0	924.052004
73.0	933.189469
74.0	942.018592
75.0	948.390742
76.0	947.092159
77.0	940.646529
78.0	940.361446
79.0	934.127385
80.0	932.028626
81.0	926.865672
82.0	925.275482
83.0	921.188630
84.0	917.016907
85.0	909.415769
86.0	905.550506
87.0	898.050100
88.0	891.106776
89.0	883.440043
90.0	881.688555
91.0	873.631252
92.0	865.198135
93.0	858.760429
94.0	854.649192
95.0	843.809524
96.0	833.935681
97.0	831.433471
98.0	820.606559
99.0	812.250333
100.0	799.450549
101.0	793.600563
102.0	783.561093
103.0	772.658490
104.0	762.424017
105.0	757.394156
106.0	746.634704
107.0	738.813325
108.0	729.077751
109.0	723.137973
110.0	711.382114
111.0	698.757764
112.0	687.326410
113.0	680.254777
114.0	670.968812
115.0	661.852260
116.0	653.100775
117.0	646.665425
118.0	638.481864
119.0	627.583557
120.0	618.055556
121.0	606.772307
122.0	595.641026
123.0	588.443936
124.0	584.664334
125.0	571.947063
126.0	561.510353
127.0	554.108485
128.0	545.346403
129.0	533.614092
130.0	527.552448
131.0	518.861257
132.0	511.523318
133.0	503.344557
134.0	498.986829
135.0	488.636364
136.0	481.185703
137.0	473.816931
138.0	465.269966
139.0	461.659664
140.0	451.461350
141.0	443.263757
142.0	438.124703
143.0	432.978723
144.0	424.764890
145.0	414.330218
146.0	409.718297
147.0	400.059137
148.0	397.812196
149.0	393.874644
150.0	380.882920
151.0	376.832845
152.0	375.184638
153.0	363.247863
154.0	356.368564
155.0	349.320150
156.0	347.283407
157.0	338.423271
158.0	337.438424
159.0	330.030960
160.0	325.369957
161.0	318.484383
162.0	314.755245
163.0	306.496014
164.0	302.824172
165.0	299.497916
166.0	297.666364
167.0	288.878634
168.0	285.892857
169.0	278.666667
170.0	274.135447
171.0	270.245321
172.0	263.451221
173.0	259.646018
174.0	254.384787
175.0	250.509344
176.0	248.305581
177.0	241.305830
178.0	238.833747
179.0	236.589730
180.0	234.283483
181.0	226.159434
182.0	222.623967
183.0	221.965742
184.0	215.903455
185.0	212.139423
186.0	208.933587
187.0	205.302551
188.0	203.101920
189.0	196.375432
190.0	193.511821
191.0	192.045942
192.0	190.145732
193.0	186.526865
194.0	183.483220
195.0	179.450136
196.0	176.058495
197.0	171.339564
198.0	174.197945
199.0	168.085106
200.0	164.325206
201.0	162.337662
202.0	158.716023
203.0	156.403047
204.0	155.253058
205.0	153.822773
206.0	148.800000
207.0	149.264223
208.0	143.003265
209.0	139.179903
210.0	137.495903
211.0	135.256902
212.0	135.878699
213.0	133.093160
214.0	131.434515
215.0	125.641026
216.0	126.853450
217.0	128.921707
218.0	124.777448
219.0	121.595796
220.0	118.929549
221.0	119.013062
222.0	115.601504
223.0	117.114520
224.0	114.838755
225.0	111.090865
226.0	109.150139
227.0	112.857143
228.0	109.645411
229.0	105.402399
230.0	105.191257
231.0	103.916867
232.0	101.921002
233.0	100.776535
234.0	98.950525
235.0	96.536929
236.0	94.849663
237.0	96.213328
238.0	94.625083
239.0	94.943820
240.0	94.479749
241.0	93.646409
242.0	91.061563
243.0	90.762621
244.0	87.799496
245.0	89.685616
246.0	87.337662
247.0	85.581778
248.0	84.489281
249.0	78.573754
250.0	79.405648
251.0	79.300223
252.0	77.690594
253.0	76.430326
254.0	79.091457
255.0	75.681416
256.0	73.133294
257.0	71.801920
258.0	71.324826
259.0	71.418864
260.0	72.989510
261.0	69.738361
262.0	67.793292
263.0	71.209801
264.0	67.221239
265.0	68.347578
266.0	67.949569
267.0	67.091269
268.0	63.444109
269.0	59.926199
270.0	65.756824
271.0	62.146893
272.0	61.455401
273.0	59.709114
274.0	58.641975
275.0	58.233618
276.0	58.015277
277.0	60.424282
278.0	55.699912
279.0	58.981351
280.0	56.079010
281.0	53.110467
282.0	53.876478
283.0	54.740958
284.0	51.906271
285.0	53.041958
286.0	55.299539
287.0	52.292678
288.0	52.334286
289.0	51.048701
290.0	49.032752
291.0	47.799573
292.0	46.526868
293.0	47.417699
294.0	43.594979
295.0	43.671468
296.0	42.453399
297.0	42.211921
298.0	43.300654
299.0	41.202634
300.0	45.804654
301.0	40.235355
302.0	42.495448
303.0	40.639989
304.0	43.596820
305.0	44.649007
306.0	42.465094
307.0	43.131656
308.0	46.750880
309.0	42.314930
310.0	42.156622
311.0	41.846880
312.0	39.593332
313.0	39.488636
314.0	39.051741
315.0	37.958115
316.0	38.535645
317.0	40.289256
318.0	39.592760
319.0	38.325894
320.0	40.555556
321.0	38.983051
322.0	40.898705
323.0	37.856353
324.0	37.258810
325.0	39.495914
326.0	37.069597
327.0	37.037037
328.0	35.160686
329.0	35.662616
330.0	37.060401
331.0	37.055281
332.0	34.889231
333.0	34.119045
334.0	35.508936
335.0	34.195845
336.0	34.874608
337.0	33.718690
338.0	34.678150
339.0	31.500982
340.0	33.142094
341.0	35.947712
342.0	31.602303
343.0	29.450533
344.0	29.723992
345.0	30.263158
346.0	33.465586
347.0	32.140780
348.0	30.154140
349.0	29.328859
350.0	27.898068
351.0	29.787234
352.0	28.301887
353.0	28.899706
354.0	27.972767
355.0	28.536079
356.0	28.020648
357.0	28.417409
358.0	28.375149
359.0	28.112450
360.0	27.673910
361.0	27.456647
362.0	27.149321
363.0	25.657895
364.0	26.688501
365.0	25.894539
366.0	27.456647
367.0	27.574980
368.0	27.510001
369.0	26.750000
370.0	29.313675
371.0	25.653595
372.0	24.560910
373.0	24.709302
374.0	24.503798
375.0	22.881356
376.0	20.918752
377.0	24.002616
378.0	23.722775
379.0	23.724856
380.0	20.618557
381.0	20.961776
382.0	25.811072
383.0	25.604707
384.0	22.889843
385.0	19.522777
386.0	21.637609
387.0	21.789687
388.0	19.245886
389.0	16.670881
390.0	19.169209
391.0	19.853628
392.0	19.230769
393.0	21.377530
394.0	20.249221
395.0	17.081513
396.0	17.526913
397.0	18.461538
398.0	20.170000
399.0	18.246986
400.0	15.953530
401.0	15.846067
402.0	18.572825
403.0	17.340889
404.0	14.744097
405.0	18.909134
406.0	16.260763
407.0	14.070919
408.0	20.064529
409.0	17.325816
410.0	14.786877
411.0	17.731421
412.0	15.727746
413.0	15.635286
414.0	17.267267
415.0	16.441006
416.0	16.617791
417.0	13.439562
418.0	18.266714
419.0	16.853164
420.0	15.370705
421.0	12.851555
422.0	15.672945
423.0	13.820550
424.0	14.484127
425.0	11.650248
426.0	10.343653
427.0	13.964578
428.0	13.378857
429.0	14.180187
430.0	14.746464
431.0	12.820513
432.0	10.180613
433.0	12.500000
434.0	8.560518
435.0	11.465097
436.0	8.370261
437.0	10.821382
438.0	12.026359
439.0	10.988288
440.0	10.784314
441.0	8.760545
442.0	11.904762
443.0	9.852217
444.0	13.693512
445.0	11.194845
446.0	10.829804
447.0	9.984639
448.0	10.638298
449.0	9.392960
450.0	9.957469
451.0	9.782609
452.0	6.779661
453.0	9.078932
454.0	9.019685
455.0	9.623582
456.0	10.120257
457.0	11.159687
458.0	10.922330
459.0	12.273330
460.0	7.554429
461.0	7.493188
462.0	11.363636
463.0	10.914181
464.0	13.071895
465.0	10.752688
466.0	9.867173
467.0	9.195921
468.0	10.271903
469.0	10.185185
470.0	9.799256
471.0	9.063650
472.0	10.518312
473.0	8.302300
474.0	8.920008
475.0	8.241758
476.0	7.185794
477.0	8.995502
478.0	9.314060
479.0	7.615534
480.0	9.332540
481.0	9.118979
482.0	8.656305
483.0	9.607610
484.0	9.067409
485.0	9.071152
486.0	9.597876
487.0	7.294430
488.0	8.868087
489.0	7.329150
490.0	7.109005
491.0	6.542275
492.0	4.469274
493.0	6.531987
494.0	5.278311
495.0	4.044075
496.0	4.439696
497.0	6.985979
498.0	5.177174
499.0	4.332314
500.0	5.361930
501.0	8.516360
502.0	4.481071
503.0	4.343510
504.0	3.870343
505.0	3.671329
506.0	4.478435
507.0	6.503471
508.0	4.719721
509.0	3.885004
510.0	3.033981
511.0	1.838139
512.0	2.440398
513.0	1.494385
514.0	5.168595
515.0	5.154639
516.0	3.132969
517.0	0.000000
518.0	0.000000
519.0	1.807870
520.0	1.992791
521.0	-0.450180
522.0	-2.138214
523.0	0.000000
524.0	2.026412
525.0	1.292368
526.0	2.199010
527.0	-1.335470
528.0	0.000000
529.0	0.191718
530.0	2.671519
531.0	-2.378750
532.0	0.000000
533.0	0.000000
534.0	-1.285072
535.0	0.376076
536.0	-3.488119
537.0	-2.871868
538.0	-0.603687
539.0	-0.259155
540.0	-0.556876
541.0	-1.355064
542.0	-1.611722
543.0	0.227121
544.0	-2.273125
545.0	0.609756
546.0	0.265176
547.0	-0.507786
548.0	-2.252835
549.0	-2.925688
550.0	-4.854369
551.0	-2.278462
552.0	-2.730228
553.0	-0.791891
554.0	-3.682385
555.0	-1.063830
556.0	-1.657459
557.0	-2.693966
558.0	-3.952569
559.0	-5.337747
560.0	-4.600043
561.0	-2.941176
562.0	-1.413228
563.0	-4.232804
564.0	-3.947904
565.0	-1.612643
566.0	-2.894955
567.0	-5.294301
568.0	-6.353022
569.0	-4.488681
570.0	-4.694836
571.0	-4.112977
572.0	-3.923691
573.0	-3.435518
574.0	-4.708319
575.0	-4.807692
576.0	-7.982583
577.0	-3.277233
578.0	-6.103674
579.0	-3.499201
580.0	-5.874674
581.0	-3.584698
582.0	-4.923683
583.0	-4.509804
584.0	-8.350919
585.0	-5.331273
586.0	-8.717546
587.0	-5.296656
588.0	-8.126883
589.0	-7.438177
590.0	-7.461365
591.0	-6.333884
592.0	-4.507316
593.0	-4.674961
594.0	-6.182498
595.0	-8.487288
596.0	-7.259536
597.0	-7.978173
598.0	-8.830664
599.0	-9.687034
600.0	-7.891036
601.0	-10.021585
602.0	-8.456660
603.0	-9.383129
604.0	-6.323657
605.0	-6.472712
606.0	-6.843359
607.0	-9.373831
608.0	-10.294271
609.0	-9.548059
610.0	-8.508573
611.0	-8.789024
612.0	-8.857922
613.0	-9.503297
614.0	-9.432301
615.0	-10.308565
616.0	-8.563910
617.0	-9.859155
618.0	-8.358629
619.0	-10.357049
620.0	-6.648710
621.0	-10.834285
622.0	-12.306079
623.0	-9.495737
624.0	-8.737362
625.0	-10.651761
626.0	-9.255443
627.0	-8.748983
628.0	-10.322460
629.0	-9.243012
630.0	-11.163248
631.0	-10.616561
632.0	-10.252366
633.0	-11.577997
634.0	-11.170575
635.0	-11.082323
636.0	-13.496313
637.0	-11.033038
638.0	-10.511963
639.0	-9.153685
640.0	-11.164940
641.0	-11.526275
642.0	-10.375710
643.0	-12.214984
644.0	-11.270125
645.0	-11.894972
646.0	-13.932106
647.0	-8.762066
648.0	-12.687887
649.0	-9.607955
650.0	-9.778919
651.0	-10.113393
652.0	-7.140897
653.0	-10.760644
654.0	-9.582589
655.0	-10.368664
656.0	-11.410041
657.0	-10.040161
658.0	-12.707030
659.0	-12.174421
660.0	-13.988232
661.0	-10.228252
662.0	-8.635595
663.0	-10.403071
664.0	-11.033562
665.0	-11.049724
666.0	-11.496848
667.0	-11.635561
668.0	-7.977510
669.0	-9.162304
670.0	-7.223728
671.0	-10.028775
672.0	-9.163182
673.0	-8.712826
674.0	-8.210181
675.0	-11.743660
676.0	-8.130576
677.0	-10.188729
678.0	-8.308805
679.0	-9.325270
680.0	-9.822763
681.0	-9.686399
682.0	-8.907680
683.0	-9.049774
684.0	-9.887677
685.0	-6.187086
686.0	-10.444952
687.0	-7.188039
688.0	-6.233096
689.0	-8.330738
690.0	-13.141026
691.0	-8.434864
692.0	-10.292768
693.0	-11.381074
694.0	-9.449862
695.0	-6.375661
696.0	-6.367378
697.0	-6.946231
698.0	-7.048813
699.0	-5.772541
700.0	-9.833613
701.0	-10.511217
702.0	-6.512356
703.0	-3.205497
704.0	-5.664878
705.0	-8.003065
706.0	-5.007860
707.0	-3.703704
708.0	-8.669166
709.0	-7.693779
710.0	-6.601219
711.0	-2.401372
712.0	-4.201300
713.0	-5.546437
714.0	-5.548572
715.0	-4.085312
716.0	-8.317782
717.0	-6.935649
718.0	-4.075504
719.0	-7.993173
720.0	-7.542267
721.0	-6.990319
722.0	-7.925049
723.0	-7.073635
