LIQA 20 398 182348 11630 81 flash
LIQA 20 398 182348 11730 1 flash
LIQA 20 398 182348 11735 33 flash
LIQA 20 398 182348 48501646 2 physics
LIQB 20 398 182348 11738 19 flash
LIQC 20 398 182348 11648 107 flash
LIQC 20 398 182348 11758 2 flash
LIQD 20 398 182348 11632 106 flash
LIQA 20 399 182357 11729 10 flash
LIQA 20 399 182357 769033 4 flash
LIQB 20 399 182357 11631 74 flash
LIQB 20 399 182357 11734 7 flash
LIQC 20 399 182357 11644 129 flash
LIQD 20 399 182357 11643 88 flash
LIQA 20 400 182359 11630 72 flash
LIQA 20 400 182359 11734 3 flash
LIQA 20 400 182359 11738 8 flash
LIQA 20 400 182359 56341 3 flash
LIQB 20 400 182359 11727 12 flash
LIQC 20 400 182359 11641 122 flash
LIQD 20 400 182359 11636 94 flash
