LIQA 100 1998 195533 11626 80 flash
LIQA 100 1998 195533 11737 8 flash
LIQA 100 1998 195533 99702 4 flash
LIQB 100 1998 195533 11623 76 flash
LIQB 100 1998 195533 11730 7 flash
LIQC 100 1998 195533 11638 6 flash
LIQC 100 1998 195533 11646 126 flash
LIQD 100 1998 195533 11628 102 flash
LIQA 100 1999 195536 11625 80 flash
LIQA 100 1999 195536 11735 3 flash
LIQA 100 1999 195536 11739 1 flash
LIQB 100 1999 195536 11617 81 flash
LIQB 100 1999 195536 11723 15 flash
LIQC 100 1999 195536 11646 114 flash
LIQD 100 1999 195536 11630 94 flash
LIQA 100 2000 195541 11729 3 flash
LIQA 100 2000 195541 11733 32 flash
LIQA 100 2000 195541 11767 9 flash
LIQA 100 2000 195541 262235 2 flash
LIQB 100 2000 195541 11728 37 flash
LIQB 100 2000 195541 11769 5 flash
LIQC 100 2000 195541 11646 109 flash
LIQD 100 2000 195541 11644 85 flash
LIQD 100 2000 195541 11746 6 flash
