LIQA 40 798 184647 11625 86 flash
LIQA 40 798 184647 11737 17 flash
LIQB 40 798 184647 11728 13 flash
LIQC 40 798 184647 11643 122 flash
LIQD 40 798 184647 11633 97 flash
LIQA 40 799 184651 11727 3 flash
LIQA 40 799 184651 11731 5 flash
LIQA 40 799 184651 11744 4 flash
LIQA 40 799 184651 5489990 4 physics
LIQB 40 799 184651 11730 14 flash
LIQC 40 799 184651 11649 118 flash
LIQD 40 799 184651 11640 88 flash
LIQA 40 800 184654 11742 32 flash
LIQA 40 800 184654 11810 12 flash
LIQA 40 800 184654 12039 1 flash
LIQA 40 800 184654 1102693 4 physics
LIQB 40 800 184654 11731 23 flash
LIQC 40 800 184654 11647 110 flash
LIQD 40 800 184654 11636 109 flash
