LIQA 60 1198 190942 11629 90 flash
LIQA 60 1198 190942 11736 23 flash
LIQA 60 1198 190942 11760 1 flash
LIQB 60 1198 190942 11730 26 flash
LIQB 60 1198 190942 11764 5 flash
LIQC 60 1198 190942 11644 105 flash
LIQC 60 1198 190942 11751 3 flash
LIQD 60 1198 190942 11631 96 flash
LIQA 60 1199 190951 11737 2 flash
LIQB 60 1199 190951 11728 10 flash
LIQC 60 1199 190951 11638 126 flash
LIQD 60 1199 190951 11634 100 flash
LIQA 60 1200 190953 11628 78 flash
LIQA 60 1200 190953 11735 5 flash
LIQB 60 1200 190953 11728 11 flash
LIQC 60 1200 190953 11647 123 flash
LIQD 60 1200 190953 11640 86 flash
