LIQA 120 2398 201821 11740 3 flash
LIQB 120 2398 201821 11628 76 flash
LIQB 120 2398 201821 11729 14 flash
LIQC 120 2398 201821 11645 119 flash
LIQD 120 2398 201821 11635 102 flash
LIQA 120 2399 201827 11740 5 flash
LIQA 120 2399 201827 11746 6 flash
LIQA 120 2399 201827 386780 6 flash
LIQA 120 2399 201827 4195481 2 physics
LIQB 120 2399 201827 11628 76 flash
LIQB 120 2399 201827 11730 11 flash
LIQC 120 2399 201827 11638 131 flash
LIQD 120 2399 201827 11632 95 flash
LIQA 120 2400 201828 11746 14 flash
LIQA 120 2400 201828 5058023 4 physics
LIQB 120 2400 201828 11635 78 flash
LIQB 120 2400 201828 11738 21 flash
LIQC 120 2400 201828 11658 93 flash
LIQD 120 2400 201828 11637 99 flash
