0.0	-1.940883
1.0	-2.122336
2.0	-2.107728
3.0	-1.705461
4.0	-1.963269
5.0	-1.763431
6.0	-2.244730
7.0	-2.423690
8.0	-1.483633
9.0	-1.798619
10.0	-2.480472
11.0	-2.198781
12.0	-2.397202
13.0	-2.294564
14.0	-1.943676
15.0	-2.022622
16.0	-1.824864
17.0	-2.086463
18.0	-2.478703
19.0	-2.118053
20.0	-1.757373
21.0	-2.081978
22.0	-1.862976
23.0	-1.364591
24.0	-1.973462
25.0	-2.458046
26.0	-2.263248
27.0	-2.395030
28.0	-2.104938
29.0	-2.627331
30.0	-2.354611
31.0	-2.356041
32.0	-1.929555
33.0	-1.601289
34.0	-1.969336
35.0	-1.798193
36.0	-2.009793
37.0	-2.104016
38.0	-2.329601
39.0	-2.226573
40.0	-1.865383
41.0	-1.704545
42.0	-2.078810
43.0	-2.160230
44.0	-2.416394
45.0	-1.719577
46.0	-1.164918
47.0	-1.903279
48.0	-2.205833
49.0	-2.914737
50.0	-2.762135
51.0	2.911345
52.0	17.524075
53.0	43.741294
54.0	81.708224
55.0	130.151910
56.0	192.609857
57.0	263.185472
58.0	340.797892
59.0	421.041833
60.0	500.000000
61.0	574.717393
62.0	642.509460
63.0	703.821491
64.0	757.126707
65.0	803.541185
66.0	843.503835
67.0	876.520723
68.0	903.785308
69.0	927.548507
70.0	946.428277
71.0	961.872726
72.0	973.404289
73.0	982.658195
74.0	991.598978
75.0	997.178118
76.0	993.760519
77.0	994.085199
78.0	992.138266
79.0	990.069314
80.0	986.533413
81.0	982.406285
82.0	976.807028
83.0	970.276615
84.0	964.398927
85.0	958.334786
86.0	950.019110
87.0	941.758921
88.0	933.625928
89.0	925.585082
90.0	917.211967
91.0	909.856455
92.0	898.871425
93.0	891.273299
94.0	880.700572
95.0	870.925519
96.0	862.852214
97.0	853.395318
98.0	842.185720
99.0	830.661340
100.0	821.605271
101.0	810.803986
102.0	798.028396
103.0	788.933387
104.0	779.609149
105.0	768.227286
106.0	758.299359
107.0	748.372769
108.0	738.031876
109.0	726.492790
110.0	716.451428
111.0	705.303829
112.0	694.982794
113.0	686.105644
114.0	676.380633
115.0	667.898593
116.0	656.728899
117.0	647.074853
118.0	637.687479
119.0	629.105900
120.0	617.034266
121.0	607.494659
122.0	597.774494
123.0	591.791409
124.0	581.022029
125.0	571.091165
126.0	563.465287
127.0	553.247734
128.0	543.729556
129.0	535.030470
130.0	525.811508
131.0	516.540763
132.0	509.899906
133.0	500.368536
134.0	491.334891
135.0	485.333350
136.0	476.558229
137.0	468.178430
138.0	459.952516
139.0	453.244863
140.0	445.671494
141.0	436.665910
142.0	428.908929
143.0	422.856027
144.0	415.028217
145.0	409.322128
146.0	401.554677
147.0	394.816392
148.0	387.664535
149.0	379.862963
150.0	374.868923
151.0	367.725506
152.0	362.278098
153.0	354.443796
154.0	348.682703
155.0	342.977718
156.0	336.969221
157.0	331.447083
158.0	325.408043
159.0	319.943894
160.0	314.361782
161.0	309.719760
162.0	303.024666
163.0	298.483508
164.0	292.189856
165.0	288.379490
166.0	282.274408
167.0	277.525188
168.0	274.342124
169.0	268.290583
170.0	263.636170
171.0	257.762048
172.0	254.014115
173.0	249.763047
174.0	245.750461
175.0	242.187500
176.0	236.751549
177.0	232.556947
178.0	227.629616
179.0	224.692864
180.0	220.770046
181.0	217.663622
182.0	212.667407
183.0	209.107119
184.0	205.432965
185.0	201.820482
186.0	198.968724
187.0	194.886129
188.0	191.902145
189.0	188.390045
190.0	184.310212
191.0	182.848604
192.0	177.877564
193.0	175.820458
194.0	173.190157
195.0	169.746678
196.0	165.846650
197.0	163.360244
198.0	160.351514
199.0	157.725805
200.0	154.549223
201.0	151.984345
202.0	148.710984
203.0	145.602250
204.0	144.232173
205.0	141.560477
206.0	138.985840
207.0	135.744691
208.0	133.993413
209.0	132.637445
210.0	130.248620
211.0	127.255670
212.0	125.475182
213.0	123.046464
214.0	120.043259
215.0	119.320146
216.0	116.894487
217.0	114.550703
218.0	112.923096
219.0	110.824906
220.0	108.106076
221.0	106.695464
222.0	105.408638
223.0	103.269920
224.0	101.203295
225.0	99.493386
226.0	98.504283
227.0	96.295097
228.0	94.335169
229.0	92.595463
230.0	91.111111
231.0	89.027502
232.0	87.945722
233.0	86.224910
234.0	85.097955
235.0	83.151088
236.0	81.425370
237.0	80.110785
238.0	78.864664
239.0	77.091245
240.0	76.185740
241.0	74.755208
242.0	73.865310
243.0	72.362294
244.0	71.623775
245.0	69.385025
246.0	68.855497
247.0	67.368777
248.0	66.005152
249.0	64.370335
250.0	63.516450
251.0	62.993056
252.0	60.921126
253.0	60.591580
254.0	59.642914
255.0	58.422494
256.0	57.458364
257.0	55.692515
258.0	55.815628
259.0	53.820178
260.0	53.285402
261.0	52.503385
262.0	51.394818
263.0	50.408491
264.0	50.833709
265.0	49.409986
266.0	47.824771
267.0	47.059898
268.0	45.193946
269.0	45.440632
270.0	45.163311
271.0	44.338614
272.0	42.809344
273.0	43.055982
274.0	41.657241
275.0	40.527654
276.0	40.648240
277.0	39.436915
278.0	38.988130
279.0	38.611239
280.0	38.181050
281.0	37.398930
282.0	37.131195
283.0	35.864164
284.0	34.981906
285.0	34.051854
286.0	34.074494
287.0	33.391608
288.0	32.560501
289.0	31.902826
290.0	31.337842
291.0	30.388992
292.0	30.051712
293.0	29.628229
294.0	29.101937
295.0	28.729945
296.0	28.355573
297.0	28.335949
298.0	27.820057
299.0	27.014643
300.0	27.010519
301.0	26.758848
302.0	26.340621
303.0	26.492537
304.0	25.884422
305.0	26.125547
306.0	25.898945
307.0	25.956379
308.0	25.272504
309.0	25.128724
310.0	24.604792
311.0	24.594369
312.0	24.843626
313.0	24.351941
314.0	23.771053
315.0	24.036146
316.0	23.773792
317.0	24.075878
318.0	23.548893
319.0	23.338027
320.0	23.247243
321.0	23.012203
322.0	22.981826
323.0	22.529570
324.0	22.445363
325.0	22.506196
326.0	21.963925
327.0	21.639344
328.0	22.011280
329.0	21.475466
330.0	21.404581
331.0	20.863445
332.0	20.730883
333.0	20.941012
334.0	20.331445
335.0	20.082263
336.0	19.975639
337.0	20.114943
338.0	20.183594
339.0	19.633314
340.0	19.996966
341.0	19.912021
342.0	19.526014
343.0	19.339817
344.0	19.230769
345.0	19.637342
346.0	18.775924
347.0	18.768071
348.0	18.678416
349.0	18.705918
350.0	18.784741
351.0	18.244643
352.0	17.650094
353.0	18.198327
354.0	18.230315
355.0	17.531907
356.0	16.960000
357.0	17.383284
358.0	17.044463
359.0	17.018491
360.0	17.087719
361.0	16.317254
362.0	16.235862
363.0	16.589057
364.0	16.510052
365.0	16.574482
366.0	16.062316
367.0	15.921511
368.0	15.956774
369.0	16.073000
370.0	15.852182
371.0	15.887420
372.0	15.083645
373.0	15.639861
374.0	15.703090
375.0	14.885386
376.0	15.352371
377.0	14.822802
378.0	14.843460
379.0	14.800466
380.0	14.644511
381.0	14.441217
382.0	14.713071
383.0	13.713542
384.0	13.554727
385.0	14.596443
386.0	14.471338
387.0	13.360364
388.0	13.568462
389.0	13.794652
390.0	13.270693
391.0	13.268611
392.0	12.509343
393.0	13.239779
394.0	12.962713
395.0	12.974340
396.0	12.898603
397.0	13.021964
398.0	13.142426
399.0	12.251909
400.0	11.953933
401.0	11.768167
402.0	12.712232
403.0	12.198271
404.0	12.396694
405.0	12.158755
406.0	12.100283
407.0	11.846428
408.0	12.483194
409.0	11.687078
410.0	11.625150
411.0	11.424404
412.0	11.993958
413.0	11.739510
414.0	11.737978
415.0	11.351289
416.0	11.448437
417.0	11.034004
418.0	10.880784
419.0	10.953999
420.0	10.432123
421.0	11.062740
422.0	11.145849
423.0	10.481762
424.0	10.323647
425.0	10.709062
426.0	10.589732
427.0	9.979744
428.0	10.236175
429.0	10.284237
430.0	10.658780
431.0	10.553304
432.0	9.762446
433.0	10.229461
434.0	10.108467
435.0	9.916280
436.0	10.166869
437.0	9.698092
438.0	9.164665
439.0	10.094254
440.0	9.658203
441.0	9.380781
442.0	9.381187
443.0	9.601806
444.0	9.861171
445.0	9.629458
446.0	9.346685
447.0	9.091981
448.0	9.261074
449.0	9.556281
450.0	9.274453
451.0	9.671821
452.0	8.939628
453.0	9.207552
454.0	9.322752
455.0	8.855706
456.0	8.870753
457.0	9.493202
458.0	8.861289
459.0	9.004720
460.0	9.090909
461.0	9.294831
462.0	8.906651
463.0	8.906869
464.0	8.907040
465.0	8.736112
466.0	8.718930
467.0	9.156335
468.0	8.758875
469.0	8.885528
470.0	8.819498
471.0	8.372770
472.0	8.243865
473.0	8.558049
474.0	8.323181
475.0	8.214128
476.0	8.312886
477.0	8.320702
478.0	8.571324
479.0	8.594181
480.0	8.042929
481.0	8.181109
482.0	8.058863
483.0	8.046445
484.0	8.017115
485.0	8.239064
486.0	8.060917
487.0	7.840752
488.0	7.523809
489.0	7.918782
490.0	8.056096
491.0	7.493068
492.0	7.853362
493.0	7.520786
494.0	7.560577
495.0	7.654320
496.0	7.187377
497.0	7.603765
498.0	7.267728
499.0	7.532101
500.0	7.255937
501.0	7.207042
502.0	6.919847
503.0	7.342069
504.0	7.067778
505.0	7.551246
506.0	6.919100
507.0	6.590679
508.0	6.971228
509.0	6.740503
510.0	6.726087
511.0	7.054698
512.0	7.121517
513.0	6.873723
514.0	6.903156
515.0	6.621994
516.0	6.160470
517.0	6.813073
518.0	7.054785
519.0	7.172546
520.0	6.739932
521.0	6.193937
522.0	6.001578
523.0	6.398768
524.0	6.504956
525.0	6.573002
526.0	6.510271
527.0	6.777388
528.0	6.398335
529.0	6.322524
530.0	6.516856
531.0	5.789797
532.0	5.992041
533.0	6.390977
534.0	6.380419
535.0	6.776704
536.0	6.897739
537.0	6.482100
538.0	6.235966
539.0	7.050762
540.0	6.346222
541.0	6.225300
542.0	6.025616
543.0	6.076975
544.0	5.714910
545.0	5.920550
546.0	6.116012
547.0	6.595607
548.0	6.370930
549.0	6.097723
550.0	5.414335
551.0	5.989829
552.0	5.626565
553.0	5.590048
554.0	5.460613
555.0	5.436126
556.0	5.374335
557.0	5.124950
558.0	5.259862
559.0	5.422892
560.0	5.170614
561.0	5.433929
562.0	5.055835
563.0	5.274288
564.0	4.971616
565.0	5.108807
566.0	4.998616
567.0	5.029369
568.0	4.648087
569.0	5.263065
570.0	5.058301
571.0	4.693002
572.0	5.190380
573.0	4.645827
574.0	5.018156
575.0	5.197055
576.0	4.656466
577.0	4.793622
578.0	5.000000
579.0	4.816330
580.0	5.645885
581.0	5.049567
582.0	4.986493
583.0	5.167520
584.0	4.999859
585.0	4.664261
586.0	4.426561
587.0	4.770721
588.0	4.934211
589.0	3.889160
590.0	4.070152
591.0	4.256967
592.0	4.528401
593.0	4.690898
594.0	4.477124
595.0	4.331063
596.0	4.453057
597.0	4.177106
598.0	4.017003
599.0	4.377591
600.0	4.490368
601.0	4.201681
602.0	3.609290
603.0	4.350736
604.0	3.702925
605.0	3.964647
606.0	4.187799
607.0	3.997661
608.0	3.972597
609.0	3.901981
610.0	4.288704
611.0	4.375092
612.0	4.352213
613.0	4.386114
614.0	3.825448
615.0	4.125640
616.0	3.894906
617.0	3.600112
618.0	3.894605
619.0	3.778024
620.0	4.013644
621.0	4.230886
622.0	3.933758
623.0	4.101990
624.0	3.973959
625.0	3.947421
626.0	3.270298
627.0	3.367404
628.0	3.775960
629.0	3.874604
630.0	3.236412
631.0	3.579480
632.0	4.203399
633.0	3.672394
634.0	3.128951
635.0	3.650031
636.0	3.861066
637.0	3.913265
638.0	3.325163
639.0	3.564850
640.0	3.970880
641.0	3.626927
642.0	3.582356
643.0	3.788822
644.0	3.119905
645.0	3.334344
646.0	2.977049
647.0	2.745449
648.0	3.008007
649.0	3.122065
650.0	2.894707
651.0	3.188319
652.0	2.654854
653.0	3.070708
654.0	3.777420
655.0	3.323486
656.0	3.589948
657.0	3.305282
658.0	3.116381
659.0	2.932583
660.0	3.079736
661.0	2.968338
662.0	2.724314
663.0	3.198913
664.0	3.389049
665.0	3.409938
666.0	3.446932
667.0	3.100572
668.0	3.006821
669.0	2.822146
670.0	2.977660
671.0	3.340757
672.0	3.163323
673.0	2.679291
674.0	2.928909
675.0	2.700704
676.0	2.111513
677.0	3.145461
678.0	3.169959
679.0	3.472124
680.0	3.267502
681.0	2.550193
682.0	2.733008
683.0	2.710524
684.0	3.252891
685.0	3.183901
686.0	2.635443
687.0	2.937517
688.0	2.043591
689.0	2.775893
690.0	2.821260
691.0	2.553918
692.0	2.329500
693.0	2.703052
694.0	2.800457
695.0	3.159971
696.0	2.683401
697.0	2.582637
698.0	2.602060
699.0	2.482811
700.0	2.358085
701.0	2.860291
702.0	2.670083
703.0	2.188635
704.0	2.517973
705.0	2.279202
706.0	2.164296
707.0	2.150263
708.0	2.611395
709.0	2.341306
710.0	2.794861
711.0	2.631187
712.0	2.619072
713.0	1.878287
714.0	2.226612
715.0	2.167794
716.0	2.494777
717.0	2.494535
718.0	2.472864
719.0	2.391064
720.0	2.852615
721.0	2.909310
722.0	2.033346
723.0	2.081382
724.0	2.027675
725.0	2.080964
726.0	1.821940
727.0	1.824205
728.0	2.084982
729.0	2.078018
730.0	2.165410
731.0	2.362677
732.0	1.941384
733.0	1.854508
734.0	1.748179
735.0	1.791752
736.0	2.214576
737.0	2.180465
738.0	2.080666
739.0	1.773574
740.0	2.269620
741.0	2.421519
742.0	1.800194
743.0	2.602472
744.0	2.217486
745.0	2.101700
746.0	1.913047
747.0	2.272203
748.0	2.183851
749.0	1.938813
750.0	1.931268
751.0	1.938424
752.0	2.325000
753.0	1.933967
754.0	2.007835
755.0	1.855617
756.0	2.106830
757.0	1.928689
758.0	1.809532
759.0	2.059389
760.0	2.214571
761.0	2.026641
762.0	2.289470
763.0	1.775228
764.0	1.958264
765.0	2.479634
766.0	2.332751
767.0	2.388102
768.0	1.430199
769.0	1.398376
770.0	1.972533
771.0	1.961746
772.0	2.012692
773.0	2.073582
774.0	2.065610
775.0	1.916278
776.0	1.887181
777.0	1.873280
778.0	1.591678
779.0	1.599666
780.0	2.245458
781.0	1.978386
782.0	1.779992
783.0	1.856008
784.0	2.054840
785.0	2.187030
786.0	2.334059
787.0	1.823575
788.0	2.425596
789.0	1.913047
790.0	2.383384
791.0	2.111713
792.0	1.596287
793.0	2.186004
794.0	1.801319
795.0	1.348198
796.0	2.554631
797.0	2.142368
798.0	2.183494
799.0	2.013778
800.0	1.493694
801.0	1.698052
802.0	1.579906
803.0	2.061966
804.0	3.013346
805.0	1.805027
806.0	2.386301
807.0	2.124818
808.0	2.761887
809.0	1.963483
810.0	1.602120
811.0	1.186842
812.0	2.082979
813.0	2.112487
814.0	1.783829
815.0	2.320879
816.0	2.059890
817.0	1.520781
818.0	2.162673
819.0	2.022589
820.0	2.364831
821.0	2.184699
822.0	0.968694
823.0	1.536218
824.0	2.273509
825.0	2.157497
826.0	1.780629
827.0	1.306634
828.0	1.803526
829.0	2.078633
830.0	0.888258
831.0	1.714728
832.0	2.283514
833.0	1.613762
834.0	1.871712
835.0	2.415233
836.0	1.768296
837.0	1.937638
838.0	1.286926
839.0	1.806800
840.0	1.585481
841.0	1.673312
842.0	1.298562
843.0	2.163776
844.0	1.410592
845.0	1.162573
846.0	1.331150
847.0	1.346739
848.0	0.836466
849.0	0.591478
850.0	0.369909
851.0	1.726034
852.0	2.008904
853.0	1.006539
854.0	0.812134
855.0	2.057091
856.0	2.248164
