0.0	0.868585
1.0	1.244111
2.0	0.000000
3.0	-0.318180
4.0	0.000000
5.0	0.000000
6.0	-0.287687
7.0	-2.396189
8.0	1.236153
9.0	0.000000
10.0	0.983302
11.0	0.000000
12.0	2.381860
13.0	-1.930502
14.0	-2.105263
15.0	-1.492537
16.0	2.210490
17.0	0.000000
18.0	-0.266923
19.0	2.434500
20.0	1.142241
21.0	2.668279
22.0	-0.067331
23.0	1.356725
24.0	-1.946529
25.0	0.376547
26.0	2.751978
27.0	1.293996
28.0	-0.362488
29.0	1.820665
30.0	0.868056
31.0	0.000000
32.0	-1.182033
33.0	0.468378
34.0	0.973180
35.0	0.859107
36.0	1.068376
37.0	0.465116
38.0	0.000000
39.0	-1.240569
40.0	-1.279591
41.0	-0.288018
42.0	-2.063932
43.0	0.000000
44.0	0.000000
45.0	0.320856
46.0	0.542804
47.0	-0.544662
48.0	0.000000
49.0	3.160667
50.0	3.703780
51.0	19.243436
52.0	40.883107
53.0	70.866142
54.0	114.184473
55.0	163.274336
56.0	223.232577
57.0	288.891483
58.0	358.852953
59.0	417.143548
60.0	500.000000
61.0	574.228837
62.0	622.468375
63.0	680.453431
64.0	730.111004
65.0	772.677596
66.0	812.487937
67.0	841.592677
68.0	868.750000
69.0	888.888889
70.0	906.188891
71.0	918.139940
72.0	929.859719
73.0	937.129187
74.0	942.958673
75.0	945.544554
76.0	944.585797
77.0	938.083329
78.0	936.652813
79.0	931.780633
80.0	927.631579
81.0	920.813088
82.0	914.314381
83.0	910.792952
84.0	903.402414
85.0	896.376812
86.0	889.132554
87.0	881.053326
88.0	873.681567
89.0	867.174714
90.0	862.300683
91.0	849.282297
92.0	844.275210
93.0	834.419263
94.0	823.902439
95.0	818.237232
96.0	808.629830
97.0	795.937218
98.0	788.562528
99.0	777.803897
100.0	768.538284
101.0	763.269817
102.0	750.850416
103.0	740.469208
104.0	731.211180
105.0	719.722725
106.0	710.144648
107.0	702.251877
108.0	691.502655
109.0	682.001073
110.0	674.051755
111.0	663.624070
112.0	651.930262
113.0	644.379260
114.0	634.394507
115.0	624.417918
116.0	616.418197
117.0	607.526882
118.0	598.387097
119.0	589.168904
120.0	578.931083
121.0	570.729872
122.0	558.012644
123.0	549.104878
124.0	545.665566
125.0	534.002230
126.0	526.213592
127.0	516.536603
128.0	509.278351
129.0	502.885725
130.0	495.498706
131.0	484.632328
132.0	477.592388
133.0	470.809793
134.0	464.325530
135.0	454.775023
136.0	445.121951
137.0	438.863636
138.0	430.379747
139.0	427.022243
140.0	417.864476
141.0	410.856310
142.0	406.323907
143.0	399.501661
144.0	391.843972
145.0	385.536547
146.0	378.436321
147.0	372.018615
148.0	363.554472
149.0	358.876117
150.0	354.942871
151.0	347.716259
152.0	340.322581
153.0	338.014981
154.0	332.046148
155.0	323.382088
156.0	319.680518
157.0	314.842393
158.0	306.936027
159.0	301.958416
160.0	299.038131
161.0	293.081662
162.0	288.513514
163.0	285.303929
164.0	277.459552
165.0	272.572578
166.0	268.036530
167.0	264.444444
168.0	256.978751
169.0	254.796736
170.0	248.000000
171.0	240.653744
172.0	240.212501
173.0	236.697864
174.0	231.748727
175.0	228.409020
176.0	223.747017
177.0	219.512195
178.0	215.097403
179.0	209.944504
180.0	212.534348
181.0	204.464286
182.0	203.691558
183.0	198.714472
184.0	193.703155
185.0	193.361823
186.0	188.709677
187.0	186.342964
188.0	182.295285
189.0	179.702862
190.0	175.238600
191.0	174.835489
192.0	171.419355
193.0	165.836356
194.0	165.128608
195.0	162.274923
196.0	159.475058
197.0	156.521739
198.0	154.858612
199.0	152.318346
200.0	146.270812
201.0	146.518106
202.0	142.201835
203.0	141.908213
204.0	139.298348
205.0	134.117246
206.0	132.815965
207.0	130.339564
208.0	128.226870
209.0	126.666667
210.0	123.039807
211.0	123.447205
212.0	121.254092
213.0	118.225806
214.0	117.255504
215.0	114.166667
216.0	111.384784
217.0	110.414658
218.0	112.782805
219.0	110.410256
220.0	106.535948
221.0	103.396790
222.0	105.370370
223.0	101.591454
224.0	99.030612
225.0	97.348007
226.0	97.758047
227.0	94.845013
228.0	95.036175
229.0	93.779904
230.0	90.394402
231.0	90.025707
232.0	87.235519
233.0	87.653069
234.0	85.006944
235.0	84.240516
236.0	82.937437
237.0	81.459366
238.0	80.558680
239.0	81.003401
240.0	77.075099
241.0	77.591905
242.0	77.179664
243.0	78.063380
244.0	74.851934
245.0	75.008677
246.0	74.901997
247.0	72.543663
248.0	71.336770
249.0	73.007738
250.0	70.598007
251.0	68.116957
252.0	65.956221
253.0	66.016713
254.0	66.768143
255.0	66.886196
256.0	62.211115
257.0	60.351565
258.0	63.370743
259.0	61.004135
260.0	60.921539
261.0	58.580731
262.0	58.058427
263.0	57.778159
264.0	59.917171
265.0	56.627603
266.0	55.873926
267.0	53.590982
268.0	54.533509
269.0	54.372842
270.0	51.709758
271.0	52.424569
272.0	49.361478
273.0	51.028851
274.0	48.800000
275.0	49.176267
276.0	48.032407
277.0	47.202270
278.0	45.962509
279.0	44.864227
280.0	49.202128
281.0	46.661193
282.0	45.154012
283.0	44.258373
284.0	41.443108
285.0	41.847204
286.0	39.131812
287.0	40.004508
288.0	40.209790
289.0	37.595785
290.0	39.136186
291.0	38.725490
292.0	37.246050
293.0	38.054968
294.0	36.231884
295.0	36.846615
296.0	36.033134
297.0	35.239567
298.0	32.763533
299.0	36.832985
300.0	31.475201
301.0	33.628715
302.0	32.367708
303.0	32.612056
304.0	31.876607
305.0	33.487257
306.0	32.975041
307.0	33.236293
308.0	34.136546
309.0	32.786885
310.0	32.530120
311.0	33.646127
312.0	34.496465
313.0	31.867125
314.0	32.925473
315.0	30.987581
316.0	30.103996
317.0	30.298825
318.0	30.900093
319.0	31.551596
320.0	29.557874
321.0	29.640921
322.0	29.840351
323.0	29.977933
324.0	29.220779
325.0	29.464286
326.0	29.378961
327.0	28.363047
328.0	27.564849
329.0	27.836691
330.0	28.241591
331.0	27.889785
332.0	28.435274
333.0	28.748006
334.0	27.312600
335.0	29.663050
336.0	25.432299
337.0	26.928497
338.0	25.429212
339.0	25.730870
340.0	28.096903
341.0	25.768550
342.0	26.548673
343.0	25.930101
344.0	24.215247
345.0	25.495751
346.0	24.639678
347.0	23.822241
348.0	23.191514
349.0	28.011204
350.0	26.626388
351.0	26.859504
352.0	25.463373
353.0	23.315818
354.0	24.217338
355.0	26.268489
356.0	22.580645
357.0	23.598820
358.0	24.070722
359.0	23.313912
360.0	21.042363
361.0	24.229075
362.0	23.483366
363.0	22.334755
364.0	24.694088
365.0	22.989611
366.0	18.947368
367.0	21.325459
368.0	19.887218
369.0	22.206780
370.0	23.187667
371.0	22.106309
372.0	18.567142
373.0	21.265636
374.0	21.157588
375.0	19.572285
376.0	18.861708
377.0	18.978210
378.0	18.149211
379.0	19.084198
380.0	15.760477
381.0	17.716535
382.0	18.134991
383.0	18.455114
384.0	19.510848
385.0	17.759563
386.0	18.684352
387.0	19.439856
388.0	16.440233
389.0	17.495712
390.0	16.013554
391.0	19.047619
392.0	17.839445
393.0	17.563627
394.0	16.234543
395.0	17.262125
396.0	18.454006
397.0	17.788725
398.0	16.113883
399.0	18.123290
400.0	17.197712
401.0	16.611296
402.0	16.138629
403.0	14.916348
404.0	16.160795
405.0	17.593168
406.0	16.257145
407.0	16.939407
408.0	16.232552
409.0	13.801131
410.0	13.957060
411.0	15.487354
412.0	12.181357
413.0	13.018754
414.0	14.367816
415.0	13.713080
416.0	14.415210
417.0	13.192982
418.0	14.145102
419.0	14.117531
420.0	12.944984
421.0	14.516129
422.0	12.350395
423.0	15.516505
424.0	12.152778
425.0	12.244898
426.0	11.331445
427.0	14.106957
428.0	14.296464
429.0	15.469824
430.0	13.465447
431.0	13.287910
432.0	10.762698
433.0	12.868132
434.0	12.524462
435.0	13.565354
436.0	12.769486
437.0	13.828062
438.0	12.605042
439.0	12.885154
440.0	13.268465
441.0	13.038506
442.0	10.181237
443.0	12.376238
444.0	10.172490
445.0	13.570634
446.0	11.706349
447.0	8.802817
448.0	11.741683
449.0	10.879731
450.0	9.418952
451.0	9.162260
452.0	9.533898
453.0	12.351667
454.0	11.120550
455.0	9.546539
456.0	10.130048
457.0	11.665561
458.0	13.581867
459.0	9.426058
460.0	13.595901
461.0	12.290970
462.0	10.230565
463.0	8.322207
464.0	8.234359
465.0	12.555066
466.0	7.965368
467.0	9.403468
468.0	10.362694
469.0	8.799847
470.0	11.982571
471.0	9.671180
472.0	8.548009
473.0	9.980237
474.0	11.828935
475.0	10.475147
476.0	7.548538
477.0	6.869054
478.0	8.259587
479.0	10.596461
480.0	8.990650
481.0	9.191176
482.0	6.795787
483.0	7.035420
484.0	7.961595
485.0	7.692308
486.0	8.276038
487.0	9.389124
488.0	7.328386
489.0	6.993007
490.0	8.333333
491.0	8.976965
492.0	8.751793
493.0	8.580658
494.0	6.441224
495.0	4.861407
496.0	7.222222
497.0	6.085842
498.0	6.591337
499.0	5.933014
500.0	7.547170
501.0	6.243973
502.0	5.464481
503.0	7.902864
504.0	7.336388
505.0	7.339279
506.0	6.116208
507.0	6.571640
508.0	6.874299
509.0	6.545111
510.0	6.283009
511.0	6.573721
512.0	4.702194
513.0	6.780504
514.0	7.327575
515.0	5.430712
516.0	5.087914
517.0	3.684598
518.0	4.707792
519.0	4.480287
520.0	5.292005
521.0	5.603985
522.0	6.168470
523.0	6.849315
524.0	4.233651
525.0	2.609568
526.0	5.119454
527.0	4.993405
528.0	6.595126
529.0	5.592948
530.0	4.116638
531.0	3.359104
532.0	4.526537
533.0	1.962556
534.0	0.925926
535.0	3.797824
536.0	3.174603
537.0	4.879001
538.0	1.464954
539.0	2.906805
540.0	3.623188
541.0	2.744765
542.0	1.216699
543.0	2.177068
544.0	4.185765
545.0	1.293996
546.0	6.361323
547.0	3.558052
548.0	1.332318
549.0	1.145475
550.0	0.700913
551.0	-0.832620
552.0	2.177068
553.0	2.663623
554.0	1.581118
555.0	0.000000
556.0	0.000000
557.0	0.000000
558.0	0.860451
559.0	3.024858
560.0	2.048696
561.0	0.805153
562.0	0.742094
563.0	2.059930
564.0	2.816901
565.0	1.601651
566.0	0.263736
567.0	2.146159
568.0	0.173611
569.0	0.000000
570.0	0.459075
571.0	-0.000000
572.0	0.000000
573.0	0.000000
574.0	0.310284
575.0	0.726504
576.0	0.000000
577.0	-1.444867
578.0	0.156409
579.0	-0.995760
580.0	-0.637363
581.0	1.051232
582.0	0.893587
583.0	0.496081
584.0	-2.679423
585.0	-1.333333
586.0	-2.970154
587.0	-0.680272
588.0	-0.579307
589.0	0.000000
590.0	-0.968575
591.0	-2.551485
592.0	0.000000
593.0	1.236153
594.0	-2.691618
595.0	-1.676608
596.0	-0.753598
597.0	0.000000
598.0	-0.904621
599.0	0.000000
600.0	-4.357076
601.0	0.000000
602.0	0.000000
603.0	-2.029698
604.0	-0.929243
605.0	-3.552635
606.0	-2.625295
607.0	-2.572834
608.0	-0.705869
609.0	-1.082503
610.0	-0.893961
611.0	-2.936858
612.0	-3.383706
613.0	-1.033200
614.0	-1.906988
615.0	-1.109576
616.0	-3.553996
617.0	-4.182013
618.0	-2.765696
619.0	-5.019951
620.0	-1.298701
621.0	-2.754821
622.0	-2.985726
623.0	-3.370865
624.0	-3.880669
625.0	-4.324751
626.0	-4.314867
627.0	0.000000
628.0	-3.608978
629.0	-4.057192
630.0	-5.635960
631.0	-5.332130
632.0	-2.988225
633.0	-2.027622
634.0	-2.378525
635.0	-1.325691
636.0	-0.452216
637.0	-1.640112
638.0	-3.107735
639.0	-0.014611
640.0	-2.952593
641.0	-3.415284
642.0	-2.318059
643.0	-4.241564
644.0	-3.336284
645.0	-4.422190
646.0	-2.312925
647.0	-3.913708
648.0	-3.622013
649.0	-1.313131
650.0	-2.789400
651.0	-3.539446
652.0	-5.101812
653.0	-4.551059
654.0	-3.327774
655.0	-5.511811
656.0	-1.684319
657.0	-4.680361
658.0	-3.389155
659.0	-3.386530
660.0	-5.262842
661.0	-4.225666
662.0	-5.874248
663.0	-3.716127
664.0	-3.488970
665.0	-2.300020
666.0	-4.422190
667.0	-5.239987
668.0	-6.132649
669.0	-5.984747
670.0	-4.509014
671.0	-5.419915
672.0	-4.783951
673.0	-4.879599
674.0	-4.885019
675.0	-5.156745
676.0	-4.044577
677.0	-5.629371
678.0	-3.229036
679.0	-0.968523
680.0	-3.311258
681.0	-5.953139
682.0	-2.932688
683.0	-3.464205
684.0	-0.560203
685.0	-0.542414
686.0	-2.943875
687.0	-2.232855
688.0	-0.818416
689.0	-2.199684
690.0	-1.642486
691.0	-3.452065
692.0	-4.988575
693.0	-2.499519
694.0	-1.175303
695.0	-1.856113
696.0	1.171479
697.0	-1.832026
698.0	-3.013009
699.0	-4.339192
700.0	-4.220502
701.0	-4.110735
702.0	-3.878619
703.0	-4.116638
704.0	-6.043728
705.0	-2.654996
706.0	-3.130588
707.0	-1.587302
708.0	-1.549701
709.0	-2.449431
710.0	-6.937229
711.0	-2.659908
712.0	0.261780
713.0	-4.482759
714.0	-5.657585
715.0	-4.113771
716.0	-2.758378
717.0	-6.245996
718.0	0.676699
719.0	-5.408535
720.0	-8.297783
721.0	-2.452679
722.0	0.367625
723.0	-9.187756
724.0	-5.040195
725.0	-4.185021
