0.0	-0.293121
1.0	-0.062841
2.0	-1.670111
3.0	-2.520062
4.0	-2.146844
5.0	-0.985150
6.0	-1.724272
7.0	-2.019842
8.0	-1.506944
9.0	-1.988218
10.0	-2.491734
11.0	-2.071221
12.0	-1.651408
13.0	-2.032285
14.0	-2.056311
15.0	-1.618272
16.0	-1.348451
17.0	-1.771841
18.0	-2.092022
19.0	-1.744924
20.0	-1.830020
21.0	-1.100512
22.0	-1.447597
23.0	-1.394611
24.0	-1.920728
25.0	-1.606769
26.0	-2.141632
27.0	-1.739570
28.0	-2.410800
29.0	-1.958835
30.0	-1.233458
31.0	-2.082053
32.0	-2.020083
33.0	-2.030338
34.0	-2.231846
35.0	-1.991048
36.0	-2.035422
37.0	-1.851798
38.0	-2.128684
39.0	-1.921908
40.0	-2.289701
41.0	-2.277565
42.0	-2.578141
43.0	-2.578428
44.0	-2.181941
45.0	-2.462552
46.0	-2.584066
47.0	-2.318085
48.0	-2.321593
49.0	-3.160872
50.0	-1.567031
51.0	6.473574
52.0	24.814680
53.0	52.392132
54.0	92.058015
55.0	144.635873
56.0	205.840947
57.0	274.684461
58.0	348.080134
59.0	423.012552
60.0	500.000000
61.0	573.987776
62.0	640.591613
63.0	701.968906
64.0	755.979328
65.0	802.261411
66.0	842.068436
67.0	875.959338
68.0	902.401236
69.0	925.904727
70.0	943.120110
71.0	957.580384
72.0	969.634997
73.0	978.204188
74.0	988.520909
75.0	990.995356
76.0	986.379236
77.0	986.315849
78.0	984.561401
79.0	982.593722
80.0	979.047869
81.0	974.190674
82.0	969.522306
83.0	963.048215
84.0	956.676207
85.0	950.550984
86.0	943.747454
87.0	936.974014
88.0	929.307938
89.0	920.752848
90.0	912.323721
91.0	904.339128
92.0	894.811603
93.0	886.858687
94.0	879.501950
95.0	870.035950
96.0	860.463700
97.0	849.686703
98.0	840.047028
99.0	830.264672
100.0	822.309223
101.0	810.303405
102.0	798.678935
103.0	790.822185
104.0	781.104161
105.0	771.083162
106.0	760.313332
107.0	749.286122
108.0	739.625712
109.0	729.150092
110.0	719.372825
111.0	709.207849
112.0	701.427688
113.0	688.987757
114.0	679.356494
115.0	670.930745
116.0	661.562588
117.0	652.604526
118.0	640.666859
119.0	629.842389
120.0	621.014390
121.0	611.553571
122.0	603.897411
123.0	593.437235
124.0	583.339929
125.0	576.546490
126.0	567.745467
127.0	556.491263
128.0	547.589592
129.0	539.018599
130.0	530.298913
131.0	520.706778
132.0	512.370485
133.0	505.266051
134.0	495.782101
135.0	488.436409
136.0	480.226308
137.0	472.536291
138.0	463.821429
139.0	456.423611
140.0	450.139705
141.0	441.708969
142.0	434.687460
143.0	427.799726
144.0	421.153514
145.0	412.839596
146.0	405.268588
147.0	399.970627
148.0	391.861442
149.0	385.015049
150.0	380.103728
151.0	372.122440
152.0	367.180146
153.0	359.486631
154.0	352.702015
155.0	347.131855
156.0	342.643826
157.0	336.723164
158.0	331.720651
159.0	325.380824
160.0	320.211768
161.0	311.686903
162.0	308.176781
163.0	301.901481
164.0	297.131148
165.0	292.994477
166.0	287.562950
167.0	281.965010
168.0	277.300584
169.0	270.783648
170.0	267.826513
171.0	262.802364
172.0	258.910601
173.0	255.053147
174.0	248.515182
175.0	244.460920
176.0	239.681135
177.0	236.794171
178.0	233.437663
179.0	228.605876
180.0	223.569444
181.0	220.074057
182.0	216.054206
183.0	211.721903
184.0	208.994709
185.0	205.646780
186.0	202.723510
187.0	197.115385
188.0	193.973635
189.0	191.035667
190.0	187.881928
191.0	184.979683
192.0	180.802635
193.0	177.236079
194.0	174.237726
195.0	171.637581
196.0	167.700941
197.0	165.937386
198.0	162.719977
199.0	159.830602
200.0	157.395560
201.0	154.235871
202.0	151.756193
203.0	149.209770
204.0	144.578890
205.0	142.857143
206.0	141.473767
207.0	139.278697
208.0	136.572517
209.0	132.380681
210.0	131.117321
211.0	129.337712
212.0	126.215167
213.0	125.531223
214.0	122.754491
215.0	120.466321
216.0	117.596567
217.0	117.159387
218.0	114.647438
219.0	112.196612
220.0	111.285689
221.0	108.283433
222.0	106.048996
223.0	104.641161
224.0	103.229370
225.0	101.488748
226.0	99.179717
227.0	97.455455
228.0	95.991094
229.0	94.377135
230.0	93.221659
231.0	90.915689
232.0	90.429540
233.0	87.060726
234.0	86.229043
235.0	84.891359
236.0	83.245686
237.0	82.752223
238.0	79.817724
239.0	78.947151
240.0	77.118201
241.0	76.237136
242.0	75.815084
243.0	75.013207
244.0	73.421363
245.0	71.824787
246.0	71.028037
247.0	69.232320
248.0	66.939074
249.0	66.572699
250.0	65.924208
251.0	64.114304
252.0	63.500669
253.0	62.528153
254.0	61.105207
255.0	59.697879
256.0	59.070295
257.0	57.295029
258.0	57.289106
259.0	56.107354
260.0	55.342833
261.0	54.504775
262.0	53.014477
263.0	52.447234
264.0	51.814660
265.0	50.942788
266.0	49.869270
267.0	48.724012
268.0	48.174139
269.0	47.597575
270.0	47.002092
271.0	45.962668
272.0	45.284354
273.0	43.853779
274.0	42.845236
275.0	42.448980
276.0	42.390771
277.0	42.467301
278.0	40.139716
279.0	39.574493
280.0	39.779748
281.0	39.165082
282.0	39.049366
283.0	37.829888
284.0	37.306935
285.0	35.888365
286.0	35.165924
287.0	34.646165
288.0	34.256847
289.0	33.953203
290.0	32.937870
291.0	31.938697
292.0	31.112094
293.0	31.749460
294.0	31.162791
295.0	30.947054
296.0	29.671748
297.0	29.173492
298.0	28.670225
299.0	28.901734
300.0	28.691099
301.0	28.702419
302.0	28.286755
303.0	28.057999
304.0	27.560971
305.0	27.505121
306.0	28.205736
307.0	27.838360
308.0	26.488330
309.0	26.894513
310.0	26.128740
311.0	25.970669
312.0	25.371120
313.0	26.090153
314.0	25.523256
315.0	25.074077
316.0	25.910639
317.0	25.516681
318.0	25.284984
319.0	24.453592
320.0	25.491433
321.0	24.537534
322.0	24.430144
323.0	23.972470
324.0	23.258080
325.0	22.564356
326.0	22.694990
327.0	23.527547
328.0	22.766360
329.0	22.058824
330.0	22.746202
331.0	22.960465
332.0	22.539092
333.0	22.134776
334.0	21.667053
335.0	22.222222
336.0	21.668472
337.0	21.632733
338.0	20.677632
339.0	20.453748
340.0	19.688145
341.0	21.142795
342.0	20.779630
343.0	20.174444
344.0	19.674936
345.0	20.958557
346.0	19.637633
347.0	19.953072
348.0	19.536637
349.0	19.132212
350.0	19.528730
351.0	18.786127
352.0	19.932775
353.0	18.728717
354.0	19.092203
355.0	19.364021
356.0	18.484038
357.0	18.397334
358.0	17.889514
359.0	17.910577
360.0	17.859456
361.0	18.336352
362.0	18.364896
363.0	17.641901
364.0	17.660044
365.0	17.249780
366.0	18.261397
367.0	17.650341
368.0	16.687202
369.0	16.809584
370.0	16.512453
371.0	16.297011
372.0	16.695970
373.0	16.759777
374.0	16.917267
375.0	16.331658
376.0	16.200579
377.0	16.187964
378.0	15.934125
379.0	15.174897
380.0	16.549551
381.0	14.659803
382.0	14.885274
383.0	15.747247
384.0	15.219092
385.0	14.336941
386.0	14.077596
387.0	14.604243
388.0	14.350453
389.0	15.241046
390.0	14.925926
391.0	14.838498
392.0	14.755959
393.0	14.436987
394.0	14.010998
395.0	14.135219
396.0	13.532428
397.0	13.993825
398.0	13.970611
399.0	14.250428
400.0	13.317191
401.0	13.764783
402.0	13.792179
403.0	12.891106
404.0	12.809717
405.0	13.444444
406.0	13.549367
407.0	13.589255
408.0	13.348938
409.0	13.098704
410.0	12.811037
411.0	12.031164
412.0	11.924002
413.0	12.674938
414.0	12.330756
415.0	12.720210
416.0	13.193934
417.0	12.751349
418.0	11.750224
419.0	12.074451
420.0	12.244516
421.0	12.106749
422.0	11.869347
423.0	11.787400
424.0	11.780500
425.0	12.046403
426.0	11.264198
427.0	11.098192
428.0	12.073311
429.0	11.280484
430.0	11.469534
431.0	11.480027
432.0	11.216621
433.0	11.426637
434.0	10.692774
435.0	10.401927
436.0	11.374169
437.0	10.459292
438.0	10.167617
439.0	10.279840
440.0	10.988723
441.0	10.784911
442.0	10.367578
443.0	10.809655
444.0	9.931067
445.0	10.185402
446.0	9.804529
447.0	9.568039
448.0	8.845438
449.0	10.040836
450.0	9.878945
451.0	10.739345
452.0	9.480255
453.0	9.669962
454.0	9.438641
455.0	9.822640
456.0	9.096244
457.0	9.698761
458.0	8.911427
459.0	9.700619
460.0	8.936891
461.0	8.971046
462.0	9.424084
463.0	9.236161
464.0	9.759936
465.0	8.802817
466.0	8.544343
467.0	7.950109
468.0	8.724570
469.0	8.334927
470.0	8.442386
471.0	8.208916
472.0	8.345542
473.0	7.896082
474.0	8.041344
475.0	8.160162
476.0	8.815399
477.0	9.024856
478.0	7.772951
479.0	8.388443
480.0	7.968979
481.0	8.041627
482.0	7.162699
483.0	8.196721
484.0	7.955008
485.0	7.724412
486.0	8.024691
487.0	7.840679
488.0	8.042895
489.0	7.862539
490.0	7.909276
491.0	7.873919
492.0	7.551969
493.0	8.143826
494.0	7.784346
495.0	7.322521
496.0	7.502335
497.0	7.943925
498.0	7.512019
499.0	7.832481
500.0	7.196021
501.0	7.402406
502.0	7.208141
503.0	7.587363
504.0	6.473576
505.0	6.892988
506.0	6.797436
507.0	7.327034
508.0	7.629730
509.0	7.652861
510.0	7.064220
511.0	6.677796
512.0	7.121212
513.0	7.194719
514.0	7.079321
515.0	6.769279
516.0	7.205727
517.0	6.210140
518.0	6.810897
519.0	6.876601
520.0	6.903050
521.0	6.158509
522.0	6.843355
523.0	7.384883
524.0	6.586975
525.0	6.719924
526.0	6.632096
527.0	6.767309
528.0	6.677796
529.0	6.450995
530.0	6.773156
531.0	6.328816
532.0	4.956395
533.0	6.455399
534.0	5.815370
535.0	6.398278
536.0	6.040992
537.0	6.176946
538.0	5.941445
539.0	5.730246
540.0	5.884009
541.0	4.852492
542.0	5.065536
543.0	6.229037
544.0	5.107969
545.0	5.614660
546.0	5.240264
547.0	4.979927
548.0	5.138951
549.0	5.000000
550.0	5.322155
551.0	4.966420
552.0	5.333100
553.0	5.364491
554.0	5.700058
555.0	5.869958
556.0	5.439577
557.0	5.468673
558.0	6.088037
559.0	5.444937
560.0	5.307930
561.0	5.021561
562.0	4.917167
563.0	5.044626
564.0	5.085212
565.0	5.655564
566.0	4.707228
567.0	5.943320
568.0	4.475684
569.0	4.917167
570.0	4.516355
571.0	4.378712
572.0	4.991911
573.0	4.038621
574.0	5.102041
575.0	5.142459
576.0	5.400310
577.0	4.070476
578.0	4.772941
579.0	4.574263
580.0	4.150170
581.0	5.826980
582.0	4.721509
583.0	3.861107
584.0	4.699566
585.0	4.265757
586.0	4.675325
587.0	4.474607
588.0	4.425717
589.0	3.352772
590.0	4.096416
591.0	4.607088
592.0	4.278783
593.0	3.447409
594.0	4.700499
595.0	3.893277
596.0	4.015536
597.0	4.506433
598.0	4.199295
599.0	4.038377
600.0	4.036869
601.0	3.723851
602.0	4.093493
603.0	3.889162
604.0	3.814554
605.0	3.835933
606.0	3.870723
607.0	4.104783
608.0	4.220183
609.0	3.872970
610.0	3.694775
611.0	4.348800
612.0	2.817814
613.0	3.279497
614.0	2.683196
615.0	3.041051
616.0	3.867078
617.0	3.960332
618.0	3.824925
619.0	3.374801
620.0	3.168659
621.0	2.327747
622.0	3.017784
623.0	3.469723
624.0	3.308344
625.0	3.618877
626.0	3.542325
627.0	3.349769
628.0	2.609993
629.0	3.464085
630.0	3.288879
631.0	2.638725
632.0	2.506553
633.0	3.234990
634.0	2.497404
635.0	3.407602
636.0	3.032261
637.0	3.115913
638.0	2.336459
639.0	3.250453
640.0	2.283757
641.0	2.619383
642.0	2.842840
643.0	3.609522
644.0	2.259615
645.0	2.532870
646.0	2.699051
647.0	2.422774
648.0	2.540954
649.0	2.642438
650.0	3.014338
651.0	2.090063
652.0	2.410111
653.0	1.822370
654.0	2.808722
655.0	2.890314
656.0	2.265861
657.0	2.664935
658.0	2.904373
659.0	2.653915
660.0	2.418582
661.0	2.134600
662.0	2.119525
663.0	1.874512
664.0	2.101424
665.0	2.551067
666.0	1.505753
667.0	1.803581
668.0	1.960638
669.0	2.461233
670.0	2.322276
671.0	2.624915
672.0	3.051269
673.0	1.345184
674.0	1.864280
675.0	1.837391
676.0	2.577284
677.0	2.327747
678.0	2.341853
679.0	1.838281
680.0	1.997726
681.0	1.993192
682.0	1.984127
683.0	1.641082
684.0	0.916254
685.0	1.788390
686.0	2.549889
687.0	2.407553
688.0	2.611798
689.0	1.769449
690.0	1.646210
691.0	1.785706
692.0	1.657902
693.0	2.126877
694.0	2.244751
695.0	1.704129
696.0	1.828566
697.0	1.057540
698.0	1.285305
699.0	1.440942
700.0	1.948023
701.0	2.453230
702.0	1.918800
703.0	1.902754
704.0	2.149205
705.0	2.219327
706.0	1.420464
707.0	1.675290
708.0	1.518081
709.0	1.572666
710.0	1.340916
711.0	1.063830
712.0	1.736214
713.0	1.208798
714.0	1.458142
715.0	0.839007
716.0	1.242077
717.0	1.787351
718.0	1.259984
719.0	1.242632
720.0	1.395374
721.0	1.240433
722.0	1.907915
723.0	1.575669
724.0	1.283044
725.0	1.845870
726.0	2.428235
727.0	1.385822
728.0	1.793500
729.0	1.659112
730.0	1.938887
731.0	1.935217
732.0	1.649636
733.0	1.803581
734.0	1.317017
735.0	1.781624
736.0	2.138352
737.0	1.955990
738.0	2.519144
739.0	2.180832
740.0	1.474300
741.0	1.408929
742.0	1.926893
743.0	2.422683
744.0	2.157145
745.0	1.565434
746.0	2.008070
747.0	1.111337
748.0	2.420978
749.0	1.945899
750.0	2.229797
751.0	2.249417
752.0	1.316932
753.0	1.900854
754.0	2.232943
755.0	1.762947
756.0	2.590505
757.0	1.913690
758.0	1.441674
759.0	2.338616
760.0	1.999138
761.0	2.013693
762.0	2.045429
763.0	1.506451
764.0	0.435975
765.0	1.590879
766.0	3.643567
767.0	0.172540
768.0	0.814509
769.0	0.694413
770.0	2.126226
771.0	1.720870
772.0	1.158078
773.0	1.141078
774.0	1.178589
775.0	0.330848
776.0	2.464743
777.0	0.608370
778.0	1.393070
779.0	1.368376
780.0	1.540399
781.0	1.546344
782.0	1.461318
783.0	2.372938
784.0	2.979064
785.0	2.623659
