224570
224571
224572
224573
224574
224575
224576
224577
224578
224580
224581
224582
224583
224584
224585
224586
224587
224597
224598
224599
224600
224601
224602
224603
224604
224605
224606
224607
224614
224615
224616
224618
224619
224620
224621
224622
224623
224624
224625
224627
224628
224629
224630
224631
224632
224633
224634
224635
224636
224637
224640
224641
224642
224643
224644
224645
224646
224647
224648
224654
224655
224656
224657
224658
224659
224660
224661
224662
224663
224664
224667
224668
224669
224670
224672
224673
224674
224675
224676
224677
224689
224694
224698
