0.0	-0.004161
1.0	-0.141814
2.0	-0.039613
3.0	-0.055678
4.0	0.117874
5.0	-0.024036
6.0	0.042526
7.0	-0.049767
8.0	-0.002872
9.0	0.063627
10.0	0.077615
11.0	-0.038134
12.0	0.004605
13.0	-0.057699
14.0	-0.072160
15.0	-0.002704
16.0	-0.106443
17.0	0.043040
18.0	-0.083742
19.0	0.013015
20.0	0.100869
21.0	-0.024847
22.0	-0.132050
23.0	0.043548
24.0	0.110444
25.0	-0.000000
26.0	0.017547
27.0	-0.068808
28.0	-0.051818
29.0	-0.127804
30.0	-0.076409
31.0	0.003376
32.0	0.013292
33.0	0.077590
34.0	-0.004054
35.0	-0.000000
36.0	-0.085908
37.0	-0.018393
38.0	-0.044975
39.0	0.010278
40.0	-0.096226
41.0	-0.038054
42.0	-0.000000
43.0	0.023412
44.0	-0.034997
45.0	-0.002991
46.0	-0.123289
47.0	-1.138497
48.0	-18.158244
49.0	-158.723356
50.0	-500.000000
51.0	-836.833694
52.0	-974.736844
53.0	-934.317532
54.0	-784.855270
55.0	-626.384511
56.0	-500.054256
57.0	-401.429664
58.0	-328.121429
59.0	-270.115569
60.0	-222.292023
61.0	-183.607348
62.0	-157.169143
63.0	-133.087521
64.0	-117.786174
65.0	-105.417244
66.0	-101.965924
67.0	-95.301135
68.0	-75.727327
69.0	-52.508999
70.0	-37.112078
71.0	-31.099735
72.0	-29.096411
73.0	-27.088948
74.0	-25.775681
75.0	-25.265206
76.0	-24.838356
77.0	-24.777285
78.0	-25.970384
79.0	-25.352130
80.0	-25.865093
81.0	-24.976212
82.0	-24.443347
83.0	-22.820377
84.0	-20.458753
85.0	-18.626233
86.0	-18.503242
87.0	-19.197562
88.0	-18.912406
89.0	-18.844224
90.0	-18.573749
91.0	-17.963907
92.0	-17.254406
93.0	-16.949401
94.0	-16.444638
95.0	-16.837140
96.0	-16.262123
97.0	-15.427253
98.0	-14.918316
99.0	-14.329235
100.0	-13.998224
101.0	-13.455007
102.0	-13.418278
103.0	-12.710273
104.0	-12.436427
105.0	-12.181719
106.0	-12.293993
107.0	-12.267485
108.0	-12.562748
109.0	-11.984590
110.0	-11.302181
111.0	-10.302309
112.0	-9.210965
113.0	-8.837303
114.0	-8.760527
115.0	-8.647816
116.0	-8.431394
117.0	-8.220592
118.0	-8.292347
119.0	-8.154093
120.0	-8.150516
121.0	-7.712684
122.0	-7.498841
123.0	-7.676308
124.0	-8.351679
125.0	-10.482468
126.0	-12.735975
127.0	-12.513994
128.0	-9.987723
129.0	-7.208939
130.0	-5.129462
131.0	-3.861852
132.0	-3.424339
133.0	-3.426751
134.0	-3.717569
135.0	-3.456954
136.0	-3.102902
137.0	-3.251264
138.0	-3.516096
139.0	-3.620402
140.0	-4.028924
141.0	-4.299623
142.0	-4.251036
143.0	-4.030878
144.0	-3.275775
145.0	-3.043382
146.0	-3.053257
147.0	-3.144198
148.0	-3.105733
149.0	-3.176626
150.0	-2.876576
151.0	-2.799279
152.0	-3.001760
153.0	-2.774366
154.0	-2.581898
155.0	-2.413889
156.0	-2.644217
157.0	-2.576852
158.0	-2.755045
159.0	-2.655286
160.0	-2.686703
161.0	-2.866761
162.0	-2.791771
163.0	-2.973714
164.0	-2.888828
165.0	-2.693496
166.0	-2.553319
167.0	-2.470977
168.0	-2.459523
169.0	-2.507942
170.0	-2.456489
171.0	-2.467015
172.0	-2.694798
173.0	-2.617300
174.0	-2.643078
175.0	-2.814209
176.0	-2.806608
177.0	-2.740524
178.0	-2.533738
179.0	-2.322161
180.0	-1.828222
181.0	-1.597234
182.0	-1.436669
183.0	-1.478840
184.0	-1.540595
185.0	-1.768148
186.0	-1.978623
187.0	-2.095279
188.0	-2.481648
189.0	-2.699673
190.0	-2.857613
191.0	-2.768934
192.0	-2.365195
193.0	-2.277186
194.0	-2.299259
195.0	-2.233967
196.0	-2.317194
197.0	-2.318868
198.0	-2.462427
199.0	-2.618022
200.0	-2.739108
201.0	-2.804043
202.0	-2.891415
203.0	-2.684337
204.0	-2.404605
205.0	-1.985124
206.0	-1.572136
207.0	-1.231085
208.0	-1.094397
209.0	-1.031918
210.0	-1.027126
211.0	-1.050011
212.0	-1.109191
213.0	-0.961507
214.0	-0.911002
215.0	-1.291576
216.0	-1.454072
217.0	-1.658149
218.0	-2.156180
219.0	-2.910056
220.0	-4.258786
221.0	-4.875669
222.0	-3.642596
223.0	-1.547470
224.0	0.136538
225.0	0.969231
226.0	1.181329
227.0	1.563472
228.0	2.219122
229.0	3.469879
230.0	5.365590
231.0	7.387426
232.0	7.802696
233.0	5.803084
234.0	3.363204
235.0	1.563861
236.0	0.968303
237.0	0.658053
238.0	1.324718
239.0	1.617728
240.0	1.131322
241.0	0.479960
242.0	-0.349083
243.0	-0.693092
244.0	-0.371024
245.0	-0.128564
246.0	-0.393633
247.0	-0.639463
248.0	-0.037652
249.0	0.223705
250.0	-0.354766
251.0	-1.180738
252.0	-1.533893
253.0	-1.876738
254.0	-2.146081
255.0	-2.033430
256.0	-2.314011
257.0	-2.406841
258.0	-2.158901
259.0	-2.208699
260.0	-2.612923
261.0	-2.878869
262.0	-2.531763
263.0	-1.390295
264.0	0.908043
265.0	2.757315
266.0	2.852840
267.0	2.061657
268.0	1.460362
269.0	0.529799
270.0	-1.734360
271.0	-4.368771
272.0	-6.060858
273.0	-5.956660
274.0	-4.999944
275.0	-4.163717
276.0	-4.446096
277.0	-5.812039
278.0	-7.010939
279.0	-9.768344
280.0	-13.878703
281.0	-16.918424
282.0	-17.195393
283.0	-15.079630
284.0	-12.180660
285.0	-9.473300
286.0	-7.385418
287.0	-5.560913
288.0	-3.878366
289.0	-2.473558
290.0	-0.967682
291.0	-0.168629
292.0	0.270927
293.0	0.829991
294.0	1.050503
295.0	1.436459
296.0	1.494685
297.0	1.538962
298.0	1.826846
299.0	2.061520
300.0	2.412469
301.0	2.401210
302.0	2.163326
303.0	2.059172
304.0	1.652771
305.0	1.659810
306.0	1.505013
307.0	1.257094
308.0	1.109389
309.0	1.032657
310.0	0.799091
311.0	0.985120
312.0	0.857270
313.0	0.941180
314.0	0.792209
315.0	0.743722
316.0	0.799831
317.0	0.756940
318.0	0.782757
319.0	0.626261
320.0	0.698002
321.0	0.589493
322.0	0.581059
323.0	0.639080
324.0	0.705525
325.0	0.608121
326.0	0.543569
327.0	0.599332
328.0	0.518427
329.0	0.406787
330.0	0.484848
331.0	0.356155
332.0	0.580145
333.0	0.616803
334.0	0.552954
335.0	0.548343
336.0	0.510741
337.0	0.468914
338.0	0.305652
339.0	0.543652
340.0	0.613207
341.0	0.598793
342.0	0.461754
343.0	0.644972
344.0	0.473360
345.0	0.565116
346.0	0.459137
347.0	0.390350
348.0	0.417533
349.0	0.448817
350.0	0.448291
351.0	0.380469
352.0	0.485878
353.0	0.378637
354.0	0.416862
355.0	0.432223
356.0	0.266999
357.0	0.337690
358.0	0.257729
359.0	0.277364
360.0	0.595184
361.0	0.457553
362.0	0.410517
363.0	0.535742
364.0	0.414392
365.0	0.509003
366.0	0.386006
367.0	0.340674
368.0	0.435744
369.0	0.647092
370.0	0.495656
371.0	0.353586
372.0	0.414025
373.0	0.283409
374.0	0.384569
375.0	0.456986
376.0	0.409984
377.0	0.386997
378.0	0.347823
379.0	0.326322
380.0	0.336415
381.0	0.302828
382.0	0.399620
383.0	0.351736
384.0	0.316741
385.0	0.386351
386.0	0.376817
387.0	0.392936
388.0	0.159379
389.0	0.435258
390.0	0.356129
391.0	0.265163
392.0	0.251780
393.0	0.350467
394.0	0.337854
395.0	0.198340
396.0	0.118815
397.0	0.306485
398.0	0.381058
399.0	0.356797
400.0	0.203626
401.0	0.228989
402.0	0.149181
403.0	0.321501
404.0	0.091815
405.0	0.198252
406.0	0.163523
407.0	0.246268
408.0	0.277067
409.0	0.246325
410.0	0.025391
411.0	0.011412
412.0	0.076746
413.0	0.291382
414.0	0.255111
415.0	0.271603
416.0	0.286871
417.0	0.231622
418.0	0.234708
419.0	0.197339
420.0	0.140068
421.0	0.090917
422.0	0.144967
423.0	0.190509
424.0	0.212655
425.0	0.209080
426.0	0.143127
427.0	0.188442
428.0	0.243450
429.0	0.218800
430.0	0.050957
431.0	0.185264
432.0	0.248148
433.0	0.347849
434.0	0.215786
435.0	0.248358
436.0	0.333132
437.0	0.265971
438.0	0.267987
439.0	0.093631
440.0	0.070625
441.0	0.110504
442.0	0.160902
443.0	-0.000000
444.0	0.147007
445.0	0.218757
446.0	0.166180
447.0	0.132356
448.0	0.200654
449.0	0.204637
450.0	0.285091
451.0	0.269769
452.0	0.196615
453.0	0.209340
454.0	0.407905
455.0	0.318123
456.0	0.202713
457.0	0.369655
458.0	0.370387
459.0	0.395180
460.0	0.543196
461.0	0.483519
462.0	0.309143
463.0	0.323014
464.0	0.223256
465.0	0.379181
466.0	0.165572
467.0	0.188728
468.0	0.083121
469.0	0.091499
470.0	0.165391
471.0	0.138527
472.0	0.082562
473.0	0.056922
474.0	0.126726
475.0	0.161994
476.0	0.156688
477.0	0.172224
478.0	0.016962
479.0	-0.000606
480.0	-0.000000
481.0	-0.000000
482.0	-0.098172
483.0	0.074424
484.0	-0.000000
485.0	0.014831
486.0	0.045137
487.0	0.201729
488.0	0.161095
489.0	-0.000000
490.0	-0.000000
491.0	0.119643
492.0	0.174664
493.0	0.143638
494.0	0.189261
495.0	0.245369
496.0	0.236812
497.0	0.130897
498.0	0.223543
499.0	0.026366
500.0	-0.050363
501.0	-0.151090
502.0	-0.114080
503.0	-0.099721
504.0	-0.168316
505.0	-0.000000
506.0	-0.214795
507.0	-0.112853
508.0	-0.052615
509.0	-0.235373
510.0	-0.203503
511.0	-0.180652
512.0	-0.320769
513.0	-0.150369
514.0	-0.000000
515.0	-0.006698
516.0	0.010403
517.0	0.173742
518.0	0.108176
519.0	0.036381
520.0	0.168494
521.0	0.139053
522.0	0.108952
523.0	-0.006486
524.0	0.247691
525.0	0.071000
526.0	0.234650
527.0	0.292451
528.0	0.138694
529.0	0.144483
530.0	0.085568
531.0	0.191021
532.0	0.135270
533.0	0.129214
534.0	0.219619
535.0	0.066831
536.0	0.117132
537.0	0.030408
538.0	0.015004
539.0	-0.012313
540.0	0.072088
541.0	0.125040
542.0	-0.043635
543.0	0.201081
544.0	0.019731
545.0	0.064775
546.0	0.101986
547.0	0.162431
548.0	0.101821
549.0	0.045312
550.0	0.062270
