0.0	0.123879
1.0	0.178249
2.0	0.174868
3.0	0.234965
4.0	0.185616
5.0	0.219976
6.0	0.175001
7.0	0.252737
8.0	0.334670
9.0	0.149791
10.0	0.221412
11.0	0.258448
12.0	0.224622
13.0	0.293677
14.0	0.247713
15.0	0.237406
16.0	0.296124
17.0	0.373914
18.0	0.332331
19.0	0.181702
20.0	0.160853
21.0	0.227166
22.0	0.301861
23.0	0.188809
24.0	0.240869
25.0	0.229608
26.0	0.157613
27.0	0.324882
28.0	0.234319
29.0	0.195469
30.0	0.171904
31.0	0.286610
32.0	0.197636
33.0	0.162315
34.0	0.199511
35.0	0.257659
36.0	0.261802
37.0	0.201068
38.0	0.305065
39.0	0.222688
40.0	0.199060
41.0	0.178246
42.0	-0.000000
43.0	-0.617142
44.0	-2.699280
45.0	-9.076682
46.0	-28.114670
47.0	-75.252976
48.0	-168.420920
49.0	-314.745140
50.0	-500.000000
51.0	-688.341117
52.0	-843.694849
53.0	-944.791962
54.0	-989.130955
55.0	-989.855683
56.0	-959.794640
57.0	-904.012738
58.0	-835.234720
59.0	-761.564188
60.0	-686.152273
61.0	-615.126975
62.0	-548.033574
63.0	-488.628561
64.0	-433.977321
65.0	-384.927602
66.0	-342.220285
67.0	-304.461168
68.0	-270.664915
69.0	-240.994899
70.0	-215.340828
71.0	-192.684329
72.0	-173.078070
73.0	-155.416469
74.0	-140.824816
75.0	-127.445491
76.0	-115.561711
77.0	-105.254319
78.0	-96.826885
79.0	-89.146203
80.0	-82.707105
81.0	-77.303794
82.0	-72.448188
83.0	-68.538326
84.0	-65.566496
85.0	-63.068080
86.0	-61.030965
87.0	-58.633502
88.0	-55.257924
89.0	-51.252408
90.0	-47.260652
91.0	-43.383166
92.0	-39.959025
93.0	-36.820373
94.0	-33.914416
95.0	-31.250963
96.0	-28.996412
97.0	-27.002967
98.0	-25.196319
99.0	-23.778748
100.0	-22.397808
101.0	-21.314521
102.0	-20.185702
103.0	-19.374004
104.0	-18.466922
105.0	-17.805372
106.0	-17.174927
107.0	-16.914064
108.0	-16.490001
109.0	-15.993673
110.0	-15.335159
111.0	-14.629301
112.0	-13.873848
113.0	-13.368633
114.0	-13.030512
115.0	-12.769424
116.0	-12.476138
117.0	-12.435349
118.0	-12.085152
119.0	-11.989382
120.0	-11.858104
121.0	-11.595921
122.0	-11.508052
123.0	-11.300735
124.0	-10.908725
125.0	-10.607945
126.0	-10.424497
127.0	-10.213574
128.0	-9.995540
129.0	-9.849906
130.0	-9.613973
131.0	-9.431204
132.0	-9.188455
133.0	-9.080857
134.0	-8.776902
135.0	-8.707018
136.0	-8.395591
137.0	-8.320529
138.0	-8.141368
139.0	-7.760107
140.0	-7.563680
141.0	-7.379735
142.0	-7.205016
143.0	-7.003441
144.0	-6.833584
145.0	-6.620152
146.0	-6.285564
147.0	-6.125140
148.0	-6.019027
149.0	-5.776158
150.0	-5.643935
151.0	-5.307600
152.0	-5.311042
153.0	-4.982898
154.0	-4.862043
155.0	-4.864289
156.0	-4.615446
157.0	-4.525957
158.0	-4.505096
159.0	-4.357615
160.0	-4.208117
161.0	-4.361368
162.0	-4.118317
163.0	-4.183487
164.0	-4.188744
165.0	-4.142766
166.0	-4.054942
167.0	-4.072882
168.0	-4.132905
169.0	-3.979721
170.0	-4.092958
171.0	-4.140495
172.0	-4.158146
173.0	-4.211601
174.0	-4.170103
175.0	-4.115581
176.0	-4.131367
177.0	-4.210348
178.0	-4.128411
179.0	-4.062857
180.0	-4.008293
181.0	-3.907099
182.0	-3.892095
183.0	-3.914695
184.0	-3.939696
185.0	-3.783367
186.0	-3.717165
187.0	-3.574788
188.0	-3.504274
189.0	-3.349567
190.0	-3.265153
191.0	-3.263591
192.0	-3.195497
193.0	-3.045752
194.0	-2.782941
195.0	-2.890286
196.0	-2.854102
197.0	-2.834784
198.0	-2.676052
199.0	-2.699422
200.0	-2.434763
201.0	-2.307368
202.0	-2.137869
203.0	-1.954700
204.0	-1.857833
205.0	-1.866979
206.0	-2.059606
207.0	-2.145850
208.0	-2.229622
209.0	-2.422011
210.0	-2.572567
211.0	-2.383014
212.0	-2.402414
213.0	-2.335362
214.0	-2.279692
215.0	-2.230380
216.0	-2.218119
217.0	-2.229831
218.0	-2.220187
219.0	-2.274102
220.0	-2.286529
221.0	-2.290665
222.0	-2.359532
223.0	-2.380359
224.0	-2.327691
225.0	-2.386708
226.0	-2.395312
227.0	-2.296556
228.0	-2.321532
229.0	-2.434386
230.0	-2.458392
231.0	-2.375427
232.0	-2.474911
233.0	-2.451107
234.0	-2.379534
235.0	-2.200669
236.0	-2.352464
237.0	-2.265759
238.0	-2.358569
239.0	-2.218012
240.0	-2.132008
241.0	-1.973462
242.0	-1.853399
243.0	-1.606875
244.0	-1.610115
245.0	-1.453266
246.0	-1.500638
247.0	-1.548177
248.0	-1.514005
249.0	-1.385425
250.0	-1.234527
251.0	-1.193830
252.0	-1.111636
253.0	-1.170910
254.0	-1.258495
255.0	-1.436782
256.0	-1.504150
257.0	-1.687115
258.0	-1.822004
259.0	-2.082947
260.0	-1.941667
261.0	-1.844976
262.0	-1.487482
263.0	-1.288272
264.0	-1.039501
265.0	-1.002406
266.0	-0.851210
267.0	-1.111160
268.0	-1.238062
269.0	-1.333286
270.0	-1.520197
271.0	-1.498336
272.0	-1.485053
273.0	-1.251028
274.0	-1.219759
275.0	-1.251746
276.0	-1.201624
277.0	-1.107751
278.0	-1.325535
279.0	-1.341978
280.0	-1.215405
281.0	-1.375913
282.0	-1.342867
283.0	-1.388356
284.0	-1.309079
285.0	-1.352121
286.0	-1.335758
287.0	-1.309160
288.0	-1.344773
289.0	-1.345824
290.0	-1.285121
291.0	-1.271186
292.0	-1.231601
293.0	-1.225112
294.0	-1.229634
295.0	-1.146453
296.0	-1.151118
297.0	-1.063547
298.0	-1.169745
299.0	-1.042376
300.0	-1.172248
301.0	-1.164363
302.0	-1.082760
303.0	-1.054807
304.0	-1.001252
305.0	-0.981354
306.0	-0.899597
307.0	-0.950269
308.0	-0.884368
309.0	-0.859677
310.0	-0.916706
311.0	-0.989364
312.0	-0.997847
313.0	-1.000840
314.0	-0.929020
315.0	-0.968174
316.0	-0.858494
317.0	-1.070868
318.0	-1.050364
319.0	-1.112602
320.0	-1.081967
321.0	-1.150858
322.0	-1.090215
323.0	-1.122774
324.0	-1.053785
325.0	-1.073343
326.0	-1.091793
327.0	-1.133630
328.0	-1.094985
329.0	-1.096793
330.0	-1.046926
331.0	-1.019754
332.0	-1.081096
333.0	-1.061435
334.0	-1.025246
335.0	-1.067009
336.0	-1.111981
337.0	-1.075520
338.0	-0.880434
339.0	-0.895212
340.0	-0.975186
341.0	-0.961820
342.0	-0.870052
343.0	-0.899979
344.0	-0.838769
345.0	-0.960603
346.0	-0.789305
347.0	-0.731574
348.0	-0.737871
349.0	-0.825179
350.0	-0.816237
351.0	-0.821705
352.0	-0.756691
353.0	-0.730927
354.0	-0.722129
355.0	-0.771613
356.0	-0.687195
357.0	-0.782446
358.0	-0.737047
359.0	-0.704962
360.0	-0.774694
361.0	-0.727992
362.0	-0.752765
363.0	-0.756419
364.0	-0.702318
365.0	-0.751483
366.0	-0.834187
367.0	-0.852529
368.0	-0.780676
369.0	-0.766176
370.0	-0.769995
371.0	-0.870731
372.0	-0.858001
373.0	-0.744991
374.0	-0.738662
375.0	-0.770030
376.0	-0.796061
377.0	-0.811605
378.0	-0.810470
379.0	-0.816265
380.0	-0.852515
381.0	-0.772615
382.0	-0.813482
383.0	-0.825285
384.0	-0.726356
385.0	-0.769200
386.0	-0.732184
387.0	-0.752609
388.0	-0.618666
389.0	-0.683797
390.0	-0.718874
391.0	-0.583454
392.0	-0.704340
393.0	-0.612667
394.0	-0.576102
395.0	-0.634055
396.0	-0.619195
397.0	-0.630527
398.0	-0.659826
399.0	-0.556608
400.0	-0.605244
401.0	-0.538444
402.0	-0.565668
403.0	-0.595250
404.0	-0.489173
405.0	-0.530856
406.0	-0.616198
407.0	-0.630864
408.0	-0.608736
409.0	-0.618086
410.0	-0.563617
411.0	-0.538390
412.0	-0.608168
413.0	-0.652143
414.0	-0.633614
415.0	-0.666469
416.0	-0.554569
417.0	-0.559095
418.0	-0.584926
419.0	-0.703637
420.0	-0.599019
421.0	-0.553637
422.0	-0.635664
423.0	-0.508798
424.0	-0.540132
425.0	-0.535144
426.0	-0.557547
427.0	-0.559729
428.0	-0.507208
429.0	-0.507367
430.0	-0.487286
431.0	-0.557115
432.0	-0.624516
433.0	-0.505952
434.0	-0.437893
435.0	-0.469606
436.0	-0.618391
437.0	-0.597544
438.0	-0.495276
439.0	-0.514550
440.0	-0.546945
441.0	-0.528074
442.0	-0.473974
443.0	-0.500979
444.0	-0.494947
445.0	-0.505218
446.0	-0.503620
447.0	-0.526694
448.0	-0.557533
449.0	-0.505867
450.0	-0.587731
451.0	-0.571929
452.0	-0.542993
453.0	-0.566178
454.0	-0.537586
455.0	-0.493188
456.0	-0.546361
457.0	-0.590379
458.0	-0.547570
459.0	-0.601468
460.0	-0.498839
461.0	-0.618964
462.0	-0.465084
463.0	-0.529723
464.0	-0.439263
465.0	-0.476107
466.0	-0.513963
467.0	-0.531998
468.0	-0.464539
469.0	-0.534922
470.0	-0.523199
471.0	-0.531398
472.0	-0.420507
473.0	-0.545185
474.0	-0.385414
475.0	-0.416216
476.0	-0.437911
477.0	-0.335749
478.0	-0.410917
479.0	-0.512948
480.0	-0.478949
481.0	-0.434013
482.0	-0.404798
483.0	-0.314351
484.0	-0.385108
485.0	-0.421049
486.0	-0.447711
487.0	-0.449186
488.0	-0.375974
489.0	-0.417275
490.0	-0.299593
491.0	-0.414398
492.0	-0.418551
493.0	-0.468849
494.0	-0.453922
495.0	-0.388042
496.0	-0.518813
497.0	-0.333857
498.0	-0.431705
499.0	-0.390329
500.0	-0.495539
501.0	-0.476542
502.0	-0.359736
503.0	-0.396739
504.0	-0.393796
505.0	-0.392789
506.0	-0.396605
507.0	-0.379714
508.0	-0.440399
509.0	-0.359571
510.0	-0.404834
511.0	-0.446343
512.0	-0.457436
513.0	-0.402147
514.0	-0.404654
515.0	-0.364168
516.0	-0.380712
517.0	-0.329951
518.0	-0.386764
519.0	-0.337262
520.0	-0.344880
521.0	-0.443135
522.0	-0.338527
523.0	-0.331908
524.0	-0.408726
525.0	-0.384937
526.0	-0.549890
527.0	-0.379591
528.0	-0.375346
529.0	-0.279720
530.0	-0.264691
531.0	-0.315733
532.0	-0.451126
533.0	-0.368784
534.0	-0.420789
535.0	-0.395257
536.0	-0.396900
537.0	-0.520063
538.0	-0.348943
539.0	-0.321560
540.0	-0.273340
541.0	-0.340994
542.0	-0.364842
543.0	-0.334043
544.0	-0.331259
545.0	-0.363450
546.0	-0.384704
547.0	-0.431635
548.0	-0.301443
549.0	-0.309979
550.0	-0.328758
