0.0	-1.003121
1.0	-1.996008
2.0	-1.058012
3.0	-0.044655
4.0	-0.844219
5.0	-1.234081
6.0	-2.508956
7.0	-0.378437
8.0	-1.125166
9.0	0.000000
10.0	-2.005889
11.0	-2.305328
12.0	-0.093588
13.0	-1.957601
14.0	-1.637784
15.0	-1.869099
16.0	-0.739671
17.0	-2.075235
18.0	-1.112514
19.0	-0.664341
20.0	-3.035746
21.0	-2.180549
22.0	0.000000
23.0	-1.337122
24.0	-1.789332
25.0	-3.186216
26.0	-1.082051
27.0	0.261226
28.0	-1.401869
29.0	-1.792482
30.0	-1.043768
31.0	-0.228781
32.0	-1.894784
33.0	-1.026311
34.0	0.972222
35.0	-2.319238
36.0	-1.930731
37.0	-1.629992
38.0	-0.510211
39.0	-1.960873
40.0	-0.483559
41.0	-3.209083
42.0	-2.255506
43.0	-3.849055
44.0	-2.491281
45.0	-1.734598
46.0	-2.042031
47.0	-0.227475
48.0	-0.934173
49.0	-3.427544
50.0	-0.565933
51.0	8.796580
52.0	23.609134
53.0	53.680380
54.0	92.040752
55.0	144.045039
56.0	204.257781
57.0	274.431321
58.0	347.852843
59.0	422.028875
60.0	500.000000
61.0	575.300996
62.0	642.222222
63.0	702.496856
64.0	757.794016
65.0	803.673592
66.0	842.643202
67.0	875.184723
68.0	902.181903
69.0	924.015723
70.0	940.205090
71.0	954.567699
72.0	967.392895
73.0	976.876475
74.0	987.278293
75.0	991.425408
76.0	985.106739
77.0	985.187307
78.0	983.179114
79.0	981.899392
80.0	978.503544
81.0	975.250836
82.0	969.039397
83.0	965.523804
84.0	959.719394
85.0	952.538541
86.0	946.601724
87.0	941.077151
88.0	933.938075
89.0	928.226376
90.0	919.387923
91.0	911.850684
92.0	904.822710
93.0	896.645512
94.0	887.557841
95.0	880.116225
96.0	870.341152
97.0	861.482455
98.0	852.980427
99.0	845.024779
100.0	833.545341
101.0	822.636844
102.0	815.421629
103.0	804.068089
104.0	796.133752
105.0	786.216945
106.0	774.962081
107.0	765.860152
108.0	756.234646
109.0	744.860098
110.0	736.499272
111.0	726.142857
112.0	715.415944
113.0	704.650277
114.0	693.625071
115.0	686.199051
116.0	676.754668
117.0	664.665853
118.0	657.611558
119.0	647.975136
120.0	637.972964
121.0	627.765710
122.0	618.807167
123.0	608.962229
124.0	599.978152
125.0	591.254923
126.0	580.345846
127.0	570.991561
128.0	564.596623
129.0	554.639760
130.0	545.401825
131.0	535.556617
132.0	527.300665
133.0	522.615816
134.0	509.785648
135.0	502.942042
136.0	494.757483
137.0	487.063468
138.0	477.747251
139.0	470.645390
140.0	463.685841
141.0	454.294257
142.0	450.809089
143.0	441.235285
144.0	433.235012
145.0	427.237605
146.0	422.277270
147.0	413.709506
148.0	406.368835
149.0	400.103448
150.0	391.701633
151.0	387.736837
152.0	379.486374
153.0	374.362398
154.0	367.883132
155.0	360.498343
156.0	355.996090
157.0	347.444316
158.0	343.386161
159.0	338.056120
160.0	330.602792
161.0	324.305556
162.0	321.783548
163.0	315.904736
164.0	310.147526
165.0	306.354432
166.0	299.456927
167.0	294.011523
168.0	288.383797
169.0	285.237844
170.0	276.818791
171.0	274.731241
172.0	269.606518
173.0	263.900316
174.0	261.165761
175.0	255.243662
176.0	249.252994
177.0	245.757380
178.0	240.123571
179.0	237.607996
180.0	232.347227
181.0	230.410560
182.0	225.496231
183.0	220.889055
184.0	217.351178
185.0	213.178338
186.0	210.183915
187.0	205.088954
188.0	203.354576
189.0	200.087917
190.0	194.694260
191.0	192.534716
192.0	189.777679
193.0	185.946872
194.0	183.577456
195.0	179.664570
196.0	175.934109
197.0	174.014259
198.0	171.129720
199.0	167.657393
200.0	165.928114
201.0	161.312849
202.0	159.610595
203.0	156.464451
204.0	154.263016
205.0	152.283348
206.0	148.922704
207.0	147.078004
208.0	143.921853
209.0	141.912757
210.0	140.485200
211.0	135.726153
212.0	135.007849
213.0	130.198915
214.0	130.036630
215.0	128.709683
216.0	124.585967
217.0	123.143606
218.0	118.989611
219.0	120.381128
220.0	115.858626
221.0	114.793048
222.0	112.154086
223.0	111.777135
224.0	108.863597
225.0	107.244792
226.0	105.094610
227.0	105.379767
228.0	101.851852
229.0	100.497916
230.0	97.729465
231.0	97.630662
232.0	96.436059
233.0	92.984326
234.0	92.250213
235.0	91.091865
236.0	89.096573
237.0	87.285649
238.0	84.255010
239.0	84.715095
240.0	83.333333
241.0	82.565088
242.0	80.630343
243.0	79.468728
244.0	78.472460
245.0	76.408184
246.0	75.583043
247.0	73.942298
248.0	72.428296
249.0	71.118701
250.0	71.431968
251.0	71.164316
252.0	68.454190
253.0	67.779023
254.0	66.748750
255.0	65.825558
256.0	65.003407
257.0	62.078289
258.0	61.762396
259.0	61.025114
260.0	58.467105
261.0	56.738608
262.0	57.672983
263.0	57.847319
264.0	54.258772
265.0	53.084567
266.0	52.725706
267.0	53.143227
268.0	52.363000
269.0	51.217080
270.0	51.403778
271.0	49.706472
272.0	48.976706
273.0	47.251249
274.0	47.367697
275.0	45.511028
276.0	44.503969
277.0	44.255881
278.0	43.904071
279.0	41.957068
280.0	41.529616
281.0	41.094932
282.0	41.188569
283.0	39.358582
284.0	39.037848
285.0	37.171351
286.0	38.595119
287.0	37.761295
288.0	36.686448
289.0	34.034865
290.0	36.963698
291.0	35.784555
292.0	33.990260
293.0	34.320210
294.0	33.995515
295.0	34.458527
296.0	33.137937
297.0	32.894386
298.0	31.476821
299.0	32.820548
300.0	31.440682
301.0	31.431335
302.0	32.422315
303.0	28.899251
304.0	31.436148
305.0	30.352158
306.0	30.582466
307.0	30.448783
308.0	29.272415
309.0	28.856548
310.0	28.458844
311.0	29.970365
312.0	28.207340
313.0	28.590647
314.0	27.522528
315.0	28.718388
316.0	28.224994
317.0	28.115948
318.0	28.799360
319.0	28.142058
320.0	28.799505
321.0	27.642426
322.0	26.249175
323.0	27.668114
324.0	26.742994
325.0	25.825928
326.0	25.856951
327.0	25.192135
328.0	26.307134
329.0	24.778066
330.0	25.110747
331.0	24.465276
332.0	25.981645
333.0	25.064718
334.0	25.318013
335.0	24.352231
336.0	23.888749
337.0	21.931079
338.0	21.952066
339.0	22.646092
340.0	22.848162
341.0	24.247953
342.0	23.131799
343.0	23.563163
344.0	22.608454
345.0	23.766145
346.0	22.918604
347.0	22.280758
348.0	23.008334
349.0	23.638945
350.0	22.784810
351.0	22.868207
352.0	22.177594
353.0	21.327672
354.0	21.310680
355.0	20.994379
356.0	22.601430
357.0	23.040954
358.0	20.315301
359.0	21.712018
360.0	22.394112
361.0	21.266386
362.0	20.837809
363.0	20.592644
364.0	21.007063
365.0	19.227362
366.0	18.278545
367.0	18.739353
368.0	19.331066
369.0	19.529312
370.0	19.588756
371.0	19.167865
372.0	18.786361
373.0	19.426692
374.0	19.520279
375.0	18.555723
376.0	18.334985
377.0	18.950339
378.0	19.265618
379.0	18.009070
380.0	18.785036
381.0	17.723126
382.0	17.353839
383.0	18.173346
384.0	18.716178
385.0	17.903984
386.0	17.243790
387.0	16.972166
388.0	17.679057
389.0	17.927012
390.0	17.970402
391.0	17.091745
392.0	17.270307
393.0	14.172255
394.0	16.646026
395.0	16.464249
396.0	17.242248
397.0	16.871333
398.0	15.356820
399.0	17.387428
400.0	16.312566
401.0	15.759312
402.0	15.367215
403.0	17.120894
404.0	16.975024
405.0	14.155149
406.0	14.018692
407.0	15.827206
408.0	17.275970
409.0	15.389848
410.0	14.381396
411.0	13.856993
412.0	15.858748
413.0	15.119111
414.0	14.044373
415.0	14.743992
416.0	15.133216
417.0	13.365705
418.0	14.131886
419.0	13.109299
420.0	13.854967
421.0	13.118441
422.0	13.343710
423.0	14.208791
424.0	15.287329
425.0	12.218045
426.0	11.570688
427.0	13.183272
428.0	12.338501
429.0	12.884008
430.0	10.827791
431.0	10.751844
432.0	12.668910
433.0	12.086364
434.0	12.140675
435.0	11.249077
436.0	10.693302
437.0	11.872639
438.0	12.369390
439.0	11.425154
440.0	10.232536
441.0	11.672506
442.0	10.054367
443.0	10.871001
444.0	11.033770
445.0	12.295082
446.0	11.119892
447.0	11.768436
448.0	9.944633
449.0	10.545267
450.0	11.425072
451.0	10.075858
452.0	10.724396
453.0	11.201047
454.0	10.896076
455.0	9.621304
456.0	11.095700
457.0	10.266645
458.0	9.958120
459.0	10.570592
460.0	10.221790
461.0	10.637320
462.0	10.527782
463.0	10.132101
464.0	10.059653
465.0	10.467895
466.0	10.015705
467.0	9.746849
468.0	10.444197
469.0	10.147992
470.0	9.084601
471.0	9.114373
472.0	10.286554
473.0	10.712619
474.0	9.855052
475.0	11.276769
476.0	8.953997
477.0	9.054286
478.0	8.426207
479.0	9.730966
480.0	8.369032
481.0	9.302997
482.0	9.694228
483.0	8.990478
484.0	9.383693
485.0	9.663936
486.0	7.989124
487.0	7.762371
488.0	8.994274
489.0	8.509881
490.0	7.068916
491.0	7.868743
492.0	7.771469
493.0	8.673683
494.0	7.333946
495.0	7.480695
496.0	7.302892
497.0	7.749297
498.0	7.015162
499.0	6.864705
500.0	7.248860
501.0	7.341347
502.0	6.171048
503.0	7.040851
504.0	6.896059
505.0	7.011640
506.0	7.265797
507.0	7.096564
508.0	6.653167
509.0	7.172551
510.0	6.249518
511.0	7.015729
512.0	6.355174
513.0	6.684213
514.0	5.875965
515.0	6.534126
516.0	6.339012
517.0	6.532663
518.0	6.608710
519.0	6.547842
520.0	6.311307
521.0	6.356934
522.0	6.904060
523.0	6.448393
524.0	7.406731
525.0	7.701071
526.0	5.893180
527.0	6.834321
528.0	5.693371
529.0	6.130349
530.0	6.578595
531.0	5.429310
532.0	6.267680
533.0	6.537630
534.0	6.877667
535.0	6.444229
536.0	5.880439
537.0	6.706141
538.0	4.856669
539.0	5.655172
540.0	6.278751
541.0	5.841004
542.0	6.131078
543.0	6.170599
544.0	5.413350
545.0	5.315247
546.0	4.915024
547.0	5.377702
548.0	5.589580
549.0	5.413455
550.0	3.580632
551.0	4.523973
552.0	4.902716
553.0	4.956480
554.0	5.523485
555.0	5.018146
556.0	5.875030
557.0	4.609739
558.0	4.774561
559.0	3.655429
560.0	6.328654
561.0	4.477380
562.0	5.231689
563.0	5.097801
564.0	4.332986
565.0	3.903295
566.0	4.642779
567.0	5.784470
568.0	5.542578
569.0	5.007568
570.0	3.440472
571.0	4.871696
572.0	5.148615
573.0	4.465765
574.0	5.017508
575.0	3.122230
576.0	3.945231
577.0	5.018146
578.0	4.348595
579.0	4.179604
580.0	3.590949
581.0	4.188520
582.0	2.394636
583.0	1.894528
584.0	3.298483
585.0	2.997724
586.0	2.477519
587.0	1.798895
588.0	2.556327
589.0	2.917471
590.0	2.149937
591.0	2.746106
592.0	2.304308
593.0	3.737542
594.0	4.170875
595.0	4.009025
596.0	2.559598
597.0	1.596143
598.0	0.432991
599.0	2.524440
600.0	1.444504
601.0	1.548355
602.0	0.920113
603.0	1.905160
604.0	2.068344
605.0	0.984604
606.0	1.520134
607.0	2.521008
608.0	0.000000
609.0	0.674218
610.0	2.751275
611.0	1.870260
612.0	1.650022
613.0	1.205098
614.0	1.710234
615.0	1.247894
616.0	1.727345
617.0	0.779384
618.0	1.303530
619.0	0.846823
620.0	1.198179
621.0	0.909091
622.0	0.000000
623.0	1.800087
624.0	0.767694
625.0	0.119161
626.0	0.000000
627.0	0.000000
628.0	0.323750
629.0	0.531437
630.0	-0.200682
631.0	-0.101223
632.0	-0.069547
633.0	0.047357
634.0	-0.812630
635.0	-0.423197
636.0	1.053674
637.0	-0.218924
638.0	-0.499678
639.0	-0.414311
640.0	0.254225
641.0	-1.415098
642.0	0.725601
643.0	-1.605136
644.0	-1.321626
645.0	0.537057
646.0	-1.176906
647.0	-1.816052
648.0	0.000000
649.0	-0.926588
650.0	-1.421735
651.0	-1.823364
652.0	-0.613160
653.0	-1.540603
654.0	-1.008528
655.0	-0.278707
656.0	-0.082679
657.0	-0.839102
658.0	-1.635323
659.0	-0.911166
660.0	-0.688592
661.0	-1.247994
662.0	-2.279794
663.0	-0.717774
664.0	-1.544039
665.0	0.358809
666.0	-2.119643
667.0	-1.513837
668.0	-1.014243
669.0	-0.800553
670.0	-0.035921
671.0	-0.768525
672.0	-1.193990
673.0	-1.545033
674.0	0.497831
675.0	-0.918774
676.0	-1.231113
677.0	-2.022232
678.0	-2.106068
679.0	-0.757355
680.0	-1.284242
681.0	-0.613160
682.0	-1.773575
683.0	-1.326821
684.0	-2.215795
685.0	-0.640794
686.0	0.284224
687.0	0.054734
688.0	-0.551683
689.0	-1.922153
690.0	-1.052526
691.0	-2.297794
692.0	-2.014816
693.0	-1.082693
694.0	-0.885989
695.0	-1.279242
696.0	-0.541820
697.0	-0.683527
698.0	-0.402824
699.0	-0.164593
700.0	-0.559228
701.0	-1.010363
702.0	-1.010762
703.0	-1.669546
704.0	-1.664756
705.0	-2.795899
706.0	-1.778186
707.0	-0.802678
708.0	-2.034038
709.0	-2.021971
710.0	-1.266492
711.0	-1.220849
712.0	-0.717030
713.0	-0.759949
714.0	-1.047412
715.0	-2.204222
716.0	-1.202287
717.0	-0.659777
718.0	-1.035690
719.0	-1.287015
720.0	-0.185696
721.0	-0.754820
722.0	-1.140998
723.0	-1.209921
724.0	-2.050480
725.0	-2.202652
726.0	-1.626593
727.0	-0.184171
728.0	0.000000
729.0	0.991625
730.0	-1.210277
731.0	-0.439355
732.0	-0.116318
733.0	-1.947774
734.0	0.000000
735.0	0.972909
736.0	0.194595
737.0	1.182748
738.0	0.262967
739.0	-0.895537
740.0	-0.112151
741.0	0.294198
742.0	0.068590
743.0	-1.070650
744.0	-0.691169
745.0	-0.087993
746.0	0.415261
747.0	-1.167227
748.0	-0.012881
749.0	0.081814
750.0	-0.300013
751.0	-0.926996
752.0	-0.079373
753.0	0.184582
754.0	-0.008189
755.0	-1.551569
756.0	0.170599
757.0	0.669035
758.0	-0.104367
759.0	-0.838540
760.0	-2.081681
761.0	-2.091760
762.0	-1.680085
763.0	-2.568896
764.0	-2.508320
765.0	0.673238
766.0	2.225474
767.0	-1.732499
768.0	-0.449386
769.0	0.898772
770.0	-0.544220
771.0	0.752652
772.0	1.027881
773.0	0.000000
774.0	0.102134
775.0	-1.323436
776.0	-1.817528
