0.0	0.190409
1.0	0.188759
2.0	0.224201
3.0	0.149606
4.0	0.174455
5.0	0.166533
6.0	0.209885
7.0	0.251398
8.0	0.244454
9.0	0.170282
10.0	0.152545
11.0	0.160653
12.0	0.160698
13.0	0.171082
14.0	0.255432
15.0	0.178483
16.0	0.180488
17.0	0.147829
18.0	0.110410
19.0	0.140337
20.0	0.216788
21.0	0.168148
22.0	0.120980
23.0	0.220708
24.0	0.210339
25.0	0.162414
26.0	0.213798
27.0	0.116969
28.0	0.239039
29.0	0.170798
30.0	0.157509
31.0	0.153518
32.0	0.103575
33.0	0.183724
34.0	0.280505
35.0	0.179976
36.0	0.162907
37.0	0.139799
38.0	0.245118
39.0	0.136828
40.0	0.154908
41.0	0.127790
42.0	0.078535
43.0	-0.385786
44.0	-1.814095
45.0	-6.660208
46.0	-22.036064
47.0	-65.235909
48.0	-156.980100
49.0	-307.813771
50.0	-500.000000
51.0	-693.149168
52.0	-847.639694
53.0	-945.752461
54.0	-988.499713
55.0	-989.611486
56.0	-970.187750
57.0	-927.808981
58.0	-871.447037
59.0	-807.841069
60.0	-738.902473
61.0	-671.637306
62.0	-606.807595
63.0	-545.930112
64.0	-489.403240
65.0	-437.888235
66.0	-390.780025
67.0	-347.983942
68.0	-310.108505
69.0	-276.095177
70.0	-246.279546
71.0	-220.316522
72.0	-197.130608
73.0	-176.362635
74.0	-158.864782
75.0	-143.174388
76.0	-129.595021
77.0	-117.266519
78.0	-106.478443
79.0	-97.113938
80.0	-88.760605
81.0	-81.837926
82.0	-75.251570
83.0	-69.503059
84.0	-64.300923
85.0	-60.135831
86.0	-56.596448
87.0	-53.804203
88.0	-51.314539
89.0	-48.764345
90.0	-46.313314
91.0	-43.824407
92.0	-41.704057
93.0	-39.723599
94.0	-38.072741
95.0	-36.522396
96.0	-35.047119
97.0	-33.712543
98.0	-32.310046
99.0	-31.162651
100.0	-29.916549
101.0	-28.803009
102.0	-27.703592
103.0	-26.907072
104.0	-25.918111
105.0	-25.338115
106.0	-24.772869
107.0	-24.286426
108.0	-23.731263
109.0	-23.197016
110.0	-22.550330
111.0	-21.719957
112.0	-20.686381
113.0	-19.725166
114.0	-18.918575
115.0	-18.437006
116.0	-17.806574
117.0	-17.207212
118.0	-16.751510
119.0	-16.277711
120.0	-15.863666
121.0	-15.407739
122.0	-14.855551
123.0	-14.607109
124.0	-14.159395
125.0	-13.767972
126.0	-13.531366
127.0	-13.217442
128.0	-12.916783
129.0	-12.639698
130.0	-12.435974
131.0	-12.084759
132.0	-11.880490
133.0	-11.635681
134.0	-11.408404
135.0	-11.185357
136.0	-10.994343
137.0	-10.805953
138.0	-10.570649
139.0	-10.336958
140.0	-10.105209
141.0	-9.980943
142.0	-9.770281
143.0	-9.558261
144.0	-9.586985
145.0	-9.337068
146.0	-9.180414
147.0	-9.042910
148.0	-8.869099
149.0	-8.713268
150.0	-8.535997
151.0	-8.362306
152.0	-8.313611
153.0	-8.140439
154.0	-7.925149
155.0	-7.731135
156.0	-7.642662
157.0	-7.373316
158.0	-7.212292
159.0	-7.045326
160.0	-6.967516
161.0	-6.738584
162.0	-6.591892
163.0	-6.428919
164.0	-6.311672
165.0	-6.145830
166.0	-6.101027
167.0	-5.903255
168.0	-5.668678
169.0	-5.613202
170.0	-5.510287
171.0	-5.435847
172.0	-5.284576
173.0	-5.264712
174.0	-5.087194
175.0	-5.030068
176.0	-4.980756
177.0	-5.056871
178.0	-4.904330
179.0	-4.747829
180.0	-4.764032
181.0	-4.649102
182.0	-4.749518
183.0	-4.751577
184.0	-4.674467
185.0	-4.568609
186.0	-4.550381
187.0	-4.416820
188.0	-4.412881
189.0	-4.339128
190.0	-4.269203
191.0	-4.315355
192.0	-4.311481
193.0	-4.210282
194.0	-4.128182
195.0	-4.154925
196.0	-4.075822
197.0	-4.078323
198.0	-3.993130
199.0	-4.094352
200.0	-4.021274
201.0	-3.988063
202.0	-3.950060
203.0	-3.927683
204.0	-3.816758
205.0	-3.822424
206.0	-3.714621
207.0	-3.800948
208.0	-3.709114
209.0	-3.735939
210.0	-3.765204
211.0	-3.725426
212.0	-3.645031
213.0	-3.475390
214.0	-3.364056
215.0	-3.275092
216.0	-3.334568
217.0	-3.312867
218.0	-3.438345
219.0	-3.336906
220.0	-3.396898
221.0	-3.298040
222.0	-3.289482
223.0	-3.086906
224.0	-3.032495
225.0	-3.054519
226.0	-2.935502
227.0	-3.079474
228.0	-2.964955
229.0	-2.945820
230.0	-2.931197
231.0	-2.829685
232.0	-2.830715
233.0	-2.794523
234.0	-2.716218
235.0	-2.698453
236.0	-2.649669
237.0	-2.640347
238.0	-2.571513
239.0	-2.640726
240.0	-2.562305
241.0	-2.604649
242.0	-2.530475
243.0	-2.373663
244.0	-2.360880
245.0	-2.425617
246.0	-2.392898
247.0	-2.410402
248.0	-2.376807
249.0	-2.282178
250.0	-2.358895
251.0	-2.375170
252.0	-2.482023
253.0	-2.353129
254.0	-2.322490
255.0	-2.308577
256.0	-2.245306
257.0	-2.281485
258.0	-2.300009
259.0	-2.221975
260.0	-2.306459
261.0	-2.277845
262.0	-2.238101
263.0	-2.271311
264.0	-2.282534
265.0	-2.222510
266.0	-2.214452
267.0	-2.321755
268.0	-2.319982
269.0	-2.496639
270.0	-2.487245
271.0	-2.527305
272.0	-2.484334
273.0	-2.140693
274.0	-1.812968
275.0	-1.505922
276.0	-1.385617
277.0	-1.307771
278.0	-1.361285
279.0	-1.306521
280.0	-1.441993
281.0	-1.595914
282.0	-1.569737
283.0	-1.574537
284.0	-1.611819
285.0	-1.474253
286.0	-1.605691
287.0	-1.554388
288.0	-1.547662
289.0	-1.572327
290.0	-1.606463
291.0	-1.580328
292.0	-1.603929
293.0	-1.617571
294.0	-1.591850
295.0	-1.596270
296.0	-1.505520
297.0	-1.512236
298.0	-1.528780
299.0	-1.576458
300.0	-1.553361
301.0	-1.523786
302.0	-1.579779
303.0	-1.586288
304.0	-1.492462
305.0	-1.518408
306.0	-1.523326
307.0	-1.532592
308.0	-1.499842
309.0	-1.596260
310.0	-1.532610
311.0	-1.447749
312.0	-1.593194
313.0	-1.548495
314.0	-1.489164
315.0	-1.449438
316.0	-1.484602
317.0	-1.494641
318.0	-1.515302
319.0	-1.458279
320.0	-1.447980
321.0	-1.412429
322.0	-1.375537
323.0	-1.371547
324.0	-1.441601
325.0	-1.393706
326.0	-1.440217
327.0	-1.401729
328.0	-1.455884
329.0	-1.468735
330.0	-1.387617
331.0	-1.374835
332.0	-1.333199
333.0	-1.394826
334.0	-1.404979
335.0	-1.388312
336.0	-1.340365
337.0	-1.333674
338.0	-1.374072
339.0	-1.269036
340.0	-1.345796
341.0	-1.259229
342.0	-1.300704
343.0	-1.235374
344.0	-1.335113
345.0	-1.255230
346.0	-1.264071
347.0	-1.232937
348.0	-1.280250
349.0	-1.241619
350.0	-1.259224
351.0	-1.194354
352.0	-1.152815
353.0	-1.108020
354.0	-1.197473
355.0	-1.184490
356.0	-1.202080
357.0	-1.250859
358.0	-1.135180
359.0	-1.129540
360.0	-1.184381
361.0	-1.132028
362.0	-1.192079
363.0	-1.162831
364.0	-1.157314
365.0	-1.194743
366.0	-1.180991
367.0	-1.106370
368.0	-1.226741
369.0	-1.199030
370.0	-1.169455
371.0	-1.092863
372.0	-1.142712
373.0	-1.122753
374.0	-1.117269
375.0	-1.120632
376.0	-1.132006
377.0	-1.109349
378.0	-1.045945
379.0	-1.038282
380.0	-1.072876
381.0	-1.052035
382.0	-1.068166
383.0	-1.077117
384.0	-1.059846
385.0	-1.022913
386.0	-1.048972
387.0	-1.051248
388.0	-0.997959
389.0	-0.952581
390.0	-0.993999
391.0	-1.055593
392.0	-1.056539
393.0	-1.023559
394.0	-0.986857
395.0	-0.935995
396.0	-0.974835
397.0	-0.889890
398.0	-0.951393
399.0	-0.905048
400.0	-0.871734
401.0	-0.916304
402.0	-0.925138
403.0	-0.941345
404.0	-0.932712
405.0	-0.887048
406.0	-0.896554
407.0	-0.909255
408.0	-0.889961
409.0	-0.818961
410.0	-0.972145
411.0	-0.977161
412.0	-0.912902
413.0	-0.939004
414.0	-0.904150
415.0	-0.925186
416.0	-0.853857
417.0	-0.958366
418.0	-0.870335
419.0	-0.918637
420.0	-0.915597
421.0	-0.883683
422.0	-0.881077
423.0	-0.813293
424.0	-0.874683
425.0	-0.874513
426.0	-0.954100
427.0	-0.839640
428.0	-0.866481
429.0	-0.873471
430.0	-0.863992
431.0	-0.784201
432.0	-0.860854
433.0	-0.903946
434.0	-0.865067
435.0	-0.860561
436.0	-0.886480
437.0	-0.808312
438.0	-0.833197
439.0	-0.824840
440.0	-0.853466
441.0	-0.799885
442.0	-0.891999
443.0	-0.845856
444.0	-0.822796
445.0	-0.801433
446.0	-0.871315
447.0	-0.892442
448.0	-0.843083
449.0	-0.864291
450.0	-0.837320
451.0	-0.810591
452.0	-0.870459
453.0	-0.851617
454.0	-0.754657
455.0	-0.762072
456.0	-0.752551
457.0	-0.862098
458.0	-0.840082
459.0	-0.799919
460.0	-0.826720
461.0	-0.847210
462.0	-0.756968
463.0	-0.739004
464.0	-0.743489
465.0	-0.821662
466.0	-0.840291
467.0	-0.819334
468.0	-0.805675
469.0	-0.764843
470.0	-0.779110
471.0	-0.811928
472.0	-0.857277
473.0	-0.748187
474.0	-0.770194
475.0	-0.798138
476.0	-0.708025
477.0	-0.774893
478.0	-0.644760
479.0	-0.744867
480.0	-0.710177
481.0	-0.746145
482.0	-0.758381
483.0	-0.744374
484.0	-0.693261
485.0	-0.736097
486.0	-0.714644
487.0	-0.736928
488.0	-0.781362
489.0	-0.644748
490.0	-0.743639
491.0	-0.703443
492.0	-0.775713
493.0	-0.684413
494.0	-0.701682
495.0	-0.674833
496.0	-0.679495
497.0	-0.728395
498.0	-0.703150
499.0	-0.694462
500.0	-0.673154
501.0	-0.659978
502.0	-0.650634
503.0	-0.689711
504.0	-0.624110
505.0	-0.694987
506.0	-0.686450
507.0	-0.701667
508.0	-0.637616
509.0	-0.615764
510.0	-0.672264
511.0	-0.657082
512.0	-0.621287
513.0	-0.564119
514.0	-0.565569
515.0	-0.577764
516.0	-0.571102
517.0	-0.615818
518.0	-0.591556
519.0	-0.558964
520.0	-0.613813
521.0	-0.615402
522.0	-0.639299
523.0	-0.606616
524.0	-0.633089
525.0	-0.608036
526.0	-0.655046
527.0	-0.554124
528.0	-0.538195
529.0	-0.602627
530.0	-0.619250
531.0	-0.574898
532.0	-0.548492
533.0	-0.601452
534.0	-0.652674
535.0	-0.628231
536.0	-0.605282
537.0	-0.499633
538.0	-0.562757
539.0	-0.576853
540.0	-0.532771
541.0	-0.488565
542.0	-0.568586
543.0	-0.602050
544.0	-0.570114
545.0	-0.558339
546.0	-0.572226
547.0	-0.575779
548.0	-0.621376
549.0	-0.626142
550.0	-0.655554
