0.0	0.118229
1.0	0.299124
2.0	-0.081906
3.0	-0.665146
4.0	2.361375
5.0	3.047091
6.0	0.663350
7.0	-0.000000
8.0	2.877912
9.0	-1.235468
10.0	-0.000000
11.0	0.673641
12.0	1.387663
13.0	1.320483
14.0	-1.409406
15.0	1.326112
16.0	2.296782
17.0	0.278977
18.0	-0.000000
19.0	1.695780
20.0	4.306939
21.0	0.255549
22.0	0.319076
23.0	4.258416
24.0	2.355475
25.0	0.814235
26.0	4.390267
27.0	1.434296
28.0	0.117676
29.0	0.061997
30.0	5.141388
31.0	-2.095491
32.0	-0.000000
33.0	2.535309
34.0	2.021053
35.0	0.702390
36.0	-0.000000
37.0	-1.741553
38.0	2.800137
39.0	0.111732
40.0	-1.669436
41.0	-0.770409
42.0	-1.618879
43.0	0.607073
44.0	-0.992974
45.0	-0.000000
46.0	-3.441240
47.0	-8.152188
48.0	-27.344401
49.0	-151.856270
50.0	-500.000000
51.0	-895.923092
52.0	-820.003470
53.0	-599.445271
54.0	-455.830522
55.0	-316.212086
56.0	-268.759398
57.0	-216.728285
58.0	-159.307597
59.0	-113.204028
60.0	-94.086022
61.0	-72.279246
62.0	-63.973064
63.0	-58.999152
64.0	-54.697767
65.0	-48.702707
66.0	-51.927784
67.0	-51.494946
68.0	-30.144218
69.0	-9.734867
70.0	0.654741
71.0	-5.673547
72.0	-9.285457
73.0	-7.783851
74.0	-3.516504
75.0	-7.050735
76.0	-9.490378
77.0	-13.940308
78.0	-12.425513
79.0	-11.959185
80.0	-7.725327
81.0	-11.617547
82.0	-13.890950
83.0	-11.889036
84.0	-10.840108
85.0	-2.862175
86.0	-7.407407
87.0	-8.351779
88.0	-9.498600
89.0	-8.372344
90.0	-8.904096
91.0	-10.256273
92.0	-9.030949
93.0	-11.410720
94.0	-7.772172
95.0	-8.198499
96.0	-10.133201
97.0	-8.893089
98.0	-6.238124
99.0	-4.450797
100.0	-4.662127
101.0	-8.048536
102.0	-9.837923
103.0	-7.546508
104.0	-7.925677
105.0	-5.446434
106.0	-8.119352
107.0	-9.307577
108.0	-6.119999
109.0	-3.514249
110.0	-4.688917
111.0	-7.225434
112.0	-5.143856
113.0	-1.724118
114.0	-3.292797
115.0	-5.704058
116.0	-2.183717
117.0	-2.647706
118.0	-4.487464
119.0	-5.074260
120.0	-1.474767
121.0	-1.764434
122.0	-2.878167
123.0	-3.651590
124.0	-2.023556
125.0	-8.288009
126.0	-7.782576
127.0	-8.951877
128.0	-8.434360
129.0	-0.929237
130.0	-0.864432
131.0	-0.000000
132.0	-1.279986
133.0	-0.000000
134.0	-2.854222
135.0	2.253466
136.0	-1.151521
137.0	-1.731066
138.0	-0.000000
139.0	2.101654
140.0	-2.262443
141.0	-3.268882
142.0	-4.185146
143.0	-2.178810
144.0	-0.380219
145.0	1.813104
146.0	-1.540849
147.0	-2.590929
148.0	-2.144683
149.0	1.752304
150.0	-1.286188
151.0	0.673641
152.0	-1.568442
153.0	-0.862162
154.0	0.504631
155.0	2.110656
156.0	0.524085
157.0	-3.377298
158.0	1.770480
159.0	1.289659
160.0	-1.271327
161.0	-1.037954
162.0	0.370949
163.0	-4.094947
164.0	2.922490
165.0	2.189048
166.0	0.513423
167.0	-0.150633
168.0	0.270207
169.0	-0.580699
170.0	-2.434379
171.0	-2.744187
172.0	-0.000000
173.0	-0.000000
174.0	1.741553
175.0	-1.395726
176.0	-1.997189
177.0	2.534854
178.0	0.732324
179.0	0.591146
180.0	-1.436198
181.0	-1.516291
182.0	0.038053
183.0	1.703957
184.0	-0.741281
185.0	-1.729073
186.0	0.426613
187.0	-1.300695
188.0	0.296134
189.0	0.597372
190.0	2.962963
191.0	-0.000000
192.0	0.247132
193.0	-2.377556
194.0	2.390381
195.0	-0.377899
196.0	-2.706409
197.0	-1.569965
198.0	-0.443959
199.0	1.048999
200.0	-0.000000
201.0	-2.039293
202.0	-2.969492
203.0	1.617572
204.0	-3.532422
205.0	-1.916677
206.0	-0.426083
207.0	-0.300553
208.0	2.124220
209.0	-2.785651
210.0	-2.996522
211.0	0.616962
212.0	-1.329336
213.0	-2.390381
214.0	4.671040
215.0	-0.372995
216.0	-0.157624
217.0	-0.373520
218.0	-1.262270
219.0	-1.617499
220.0	-6.667145
221.0	-2.885732
222.0	-2.893175
223.0	-0.000000
224.0	0.753702
225.0	1.285912
226.0	1.229368
227.0	4.539708
228.0	3.127747
229.0	4.441710
230.0	5.166845
231.0	4.381161
232.0	7.206859
233.0	0.826033
234.0	2.364357
235.0	2.098636
236.0	0.663350
237.0	2.106136
238.0	0.417875
239.0	0.956396
240.0	5.274863
241.0	1.019611
242.0	3.532422
243.0	1.653946
244.0	-1.737662
245.0	2.731442
246.0	0.251360
247.0	1.750312
248.0	1.640288
249.0	0.889430
250.0	1.249281
251.0	-1.470948
252.0	-1.941458
253.0	-1.395726
254.0	-0.264523
255.0	-3.281107
256.0	-2.277557
257.0	1.395726
258.0	-0.279925
259.0	0.551488
260.0	4.001673
261.0	-2.086348
262.0	-2.090707
263.0	-1.456549
264.0	2.939685
265.0	3.056660
266.0	3.437739
267.0	0.956396
268.0	1.085678
269.0	3.213779
270.0	-1.459599
271.0	-5.956522
272.0	-6.824575
273.0	-5.292167
274.0	-2.361375
275.0	-3.354342
276.0	-0.487013
277.0	-5.904421
278.0	-4.854369
279.0	-9.499417
280.0	-10.727056
281.0	-13.251306
282.0	-11.557336
283.0	-5.141388
284.0	-8.324266
285.0	-3.409248
286.0	-1.096384
287.0	-2.990123
288.0	-1.015826
289.0	-3.539043
290.0	0.444838
291.0	2.227360
292.0	3.508095
293.0	-2.336771
294.0	-1.636850
295.0	0.524405
296.0	1.940531
297.0	2.542712
298.0	1.724710
299.0	3.645261
300.0	3.558719
301.0	2.328421
302.0	2.295355
303.0	-0.000000
304.0	3.640524
305.0	0.863450
306.0	3.077838
307.0	-0.000000
308.0	1.230464
309.0	-0.000000
310.0	-0.492119
311.0	-0.427749
312.0	2.094274
313.0	4.098361
314.0	3.375335
315.0	0.470903
316.0	3.073943
317.0	2.621120
318.0	0.523257
319.0	2.668021
320.0	2.240614
321.0	5.083662
322.0	2.512563
323.0	4.814815
324.0	0.653595
325.0	0.889430
326.0	0.709375
327.0	-0.198518
328.0	2.240614
329.0	0.396511
330.0	2.368302
331.0	3.620248
332.0	-0.000000
333.0	-0.740741
334.0	-1.064486
335.0	-0.000000
336.0	-0.302677
337.0	0.093604
338.0	1.249281
339.0	-1.562305
340.0	4.126870
341.0	-0.000000
342.0	1.828477
343.0	1.576748
344.0	1.064277
345.0	0.175018
346.0	-0.000000
347.0	0.301506
348.0	-2.777778
349.0	2.494793
350.0	1.336625
351.0	1.621528
352.0	0.968975
353.0	2.286674
354.0	0.176815
355.0	0.296134
356.0	1.854382
357.0	1.344799
358.0	2.334907
359.0	2.716988
360.0	4.831386
361.0	-0.000000
362.0	2.550169
363.0	2.923480
364.0	0.679047
365.0	4.624277
366.0	1.130025
367.0	2.561313
368.0	1.032463
369.0	1.762440
370.0	1.965409
371.0	2.557275
372.0	3.073943
373.0	3.252124
374.0	3.839382
375.0	3.346530
376.0	1.429368
377.0	-1.208922
378.0	0.379230
379.0	-1.532668
380.0	0.268524
381.0	2.197932
382.0	0.512988
383.0	-0.000000
384.0	0.854573
385.0	1.410008
386.0	1.702482
387.0	1.623377
388.0	4.063977
389.0	3.730428
390.0	3.126136
391.0	-1.563637
392.0	-0.197706
393.0	1.321368
394.0	0.920843
395.0	1.087265
396.0	-0.203035
397.0	1.684784
398.0	1.671526
399.0	1.045400
400.0	-0.000000
401.0	2.602049
402.0	1.387663
403.0	-0.029011
404.0	1.485858
405.0	0.941653
406.0	-0.377899
407.0	3.140385
408.0	1.423473
409.0	-0.270563
410.0	4.827962
411.0	-0.445373
412.0	-0.704027
413.0	1.885804
414.0	0.045470
415.0	1.572609
416.0	1.455217
417.0	2.366725
418.0	1.304913
419.0	1.280656
420.0	1.221532
421.0	-1.393084
422.0	-0.727674
423.0	1.870050
424.0	0.452948
425.0	1.867273
426.0	-2.286505
427.0	1.320661
428.0	3.432567
429.0	0.008969
430.0	1.899915
431.0	-0.000000
432.0	4.098361
433.0	2.104800
434.0	0.854573
435.0	1.843775
436.0	1.677630
437.0	-0.875371
438.0	2.531710
439.0	2.180244
440.0	2.487670
441.0	2.033917
442.0	-2.135805
443.0	-1.998195
444.0	2.366507
445.0	0.629084
446.0	2.856626
447.0	-0.747041
448.0	-0.000000
449.0	4.394065
450.0	1.540465
451.0	3.018664
452.0	2.559173
453.0	3.677738
454.0	-1.803435
455.0	1.301335
456.0	1.719456
457.0	-0.000000
458.0	1.086088
459.0	-0.030709
460.0	2.452268
461.0	1.034211
462.0	-0.000000
463.0	-1.813847
464.0	1.235468
465.0	-0.000000
466.0	-0.081108
467.0	-0.000000
468.0	-0.429732
469.0	0.854010
470.0	-0.232990
471.0	3.693228
472.0	3.322269
473.0	-0.000000
474.0	2.645728
475.0	0.869656
476.0	0.786853
477.0	1.090122
478.0	3.276472
479.0	2.838378
480.0	2.366507
481.0	1.112172
482.0	1.771727
483.0	2.534854
484.0	-2.280058
485.0	-0.632111
486.0	-0.000000
487.0	-1.532668
488.0	3.197547
489.0	1.479769
490.0	-0.000000
491.0	2.739241
492.0	1.729924
493.0	2.085447
494.0	-0.505014
495.0	1.769189
496.0	2.996035
497.0	1.983815
498.0	2.635046
499.0	-0.665282
500.0	0.830536
501.0	1.565295
502.0	0.989275
503.0	0.762389
504.0	2.501454
505.0	-0.035865
506.0	-0.000000
507.0	0.168100
508.0	2.405254
509.0	0.125213
510.0	2.929841
511.0	1.924768
512.0	-1.146412
513.0	3.706280
514.0	-3.357554
515.0	-0.959879
516.0	0.297588
517.0	-0.184288
518.0	1.310854
519.0	2.424956
520.0	2.429421
521.0	-0.289521
522.0	0.304187
523.0	1.338197
524.0	0.145273
525.0	1.592366
526.0	-3.933537
527.0	0.889675
528.0	1.600624
529.0	-0.000000
530.0	2.883847
531.0	1.668061
532.0	2.820468
533.0	-0.000000
534.0	-2.351869
535.0	-2.896135
536.0	-0.477164
537.0	0.226248
538.0	-0.011621
539.0	-0.131074
540.0	1.422231
541.0	1.086085
542.0	-0.000000
543.0	-0.000000
544.0	1.443315
545.0	-1.361970
546.0	-0.000000
547.0	-0.157624
548.0	3.184935
549.0	0.173096
550.0	-0.505671
