0.0	-2.395205
1.0	-2.497891
2.0	-2.138914
3.0	-2.050875
4.0	-1.689469
5.0	-2.498013
6.0	-1.992455
7.0	-1.552640
8.0	-1.934915
9.0	-1.618054
10.0	-2.063504
11.0	-1.738492
12.0	-1.977347
13.0	-1.980657
14.0	-1.829790
15.0	-2.236194
16.0	-2.362831
17.0	-2.251293
18.0	-1.936986
19.0	-2.304608
20.0	-2.404521
21.0	-1.659207
22.0	-1.763366
23.0	-2.070462
24.0	-2.014476
25.0	-2.203293
26.0	-1.972028
27.0	-1.804628
28.0	-2.248954
29.0	-2.519234
30.0	-2.193116
31.0	-1.870560
32.0	-1.961368
33.0	-2.256095
34.0	-1.812161
35.0	-2.203350
36.0	-2.079668
37.0	-2.336993
38.0	-2.270860
39.0	-2.011452
40.0	-2.122181
41.0	-2.152325
42.0	-1.817419
43.0	-2.842656
44.0	-2.803309
45.0	-2.162852
46.0	-2.466842
47.0	-2.411748
48.0	-2.264362
49.0	-2.347029
50.0	-2.495870
51.0	0.631215
52.0	13.695092
53.0	38.125055
54.0	73.753671
55.0	122.099271
56.0	183.486332
57.0	255.908633
58.0	335.111473
59.0	418.293491
60.0	500.000000
61.0	576.129904
62.0	646.136825
63.0	707.253964
64.0	761.043901
65.0	807.769313
66.0	845.794233
67.0	878.635058
68.0	906.243476
69.0	929.093640
70.0	946.387573
71.0	961.543788
72.0	973.703456
73.0	982.872534
74.0	990.646436
75.0	996.888121
76.0	995.062111
77.0	993.937881
78.0	993.047528
79.0	990.456657
80.0	987.330106
81.0	982.419397
82.0	976.980264
83.0	970.007290
84.0	963.410302
85.0	956.275848
86.0	949.300608
87.0	941.218721
88.0	933.715045
89.0	925.728841
90.0	917.855162
91.0	909.016051
92.0	900.651745
93.0	892.650618
94.0	883.972389
95.0	874.092121
96.0	864.939675
97.0	855.533600
98.0	846.091371
99.0	836.495923
100.0	826.455189
101.0	815.453047
102.0	805.419691
103.0	795.183735
104.0	785.296189
105.0	775.440960
106.0	764.744466
107.0	753.841193
108.0	742.873361
109.0	733.553530
110.0	722.565378
111.0	712.602761
112.0	703.043640
113.0	693.042070
114.0	682.530132
115.0	672.822988
116.0	663.365893
117.0	652.390296
118.0	642.646239
119.0	633.214793
120.0	623.222793
121.0	614.428344
122.0	604.463826
123.0	594.102047
124.0	585.567904
125.0	575.572496
126.0	566.664961
127.0	557.947586
128.0	548.773734
129.0	539.981954
130.0	528.983600
131.0	520.951633
132.0	512.962105
133.0	503.397607
134.0	494.813315
135.0	486.666879
136.0	479.345401
137.0	469.480645
138.0	463.881071
139.0	457.377102
140.0	448.729386
141.0	440.600867
142.0	433.659923
143.0	426.362626
144.0	418.949753
145.0	411.672983
146.0	405.004988
147.0	398.017902
148.0	391.451914
149.0	384.958289
150.0	377.754714
151.0	370.562373
152.0	364.471313
153.0	357.176412
154.0	352.101345
155.0	345.808733
156.0	340.096079
157.0	334.030632
158.0	327.634827
159.0	322.253204
160.0	316.163937
161.0	310.607943
162.0	305.290746
163.0	299.960738
164.0	295.245034
165.0	290.464051
166.0	285.318391
167.0	280.392043
168.0	274.651132
169.0	269.653087
170.0	265.402440
171.0	261.481866
172.0	256.902334
173.0	251.299904
174.0	246.226378
175.0	243.359222
176.0	238.984008
177.0	234.529194
178.0	230.183796
179.0	226.487800
180.0	221.225449
181.0	217.061379
182.0	213.939015
183.0	210.301582
184.0	207.666088
185.0	203.670292
186.0	198.779728
187.0	195.572132
188.0	192.462597
189.0	189.593776
190.0	185.960364
191.0	181.811193
192.0	179.149762
193.0	176.205741
194.0	173.250963
195.0	170.082485
196.0	166.721579
197.0	164.280759
198.0	160.470964
199.0	158.751387
200.0	155.580391
201.0	152.768433
202.0	148.634943
203.0	146.964805
204.0	144.513801
205.0	142.004469
206.0	138.998354
207.0	136.666863
208.0	134.466648
209.0	131.925812
210.0	129.116592
211.0	127.237939
212.0	125.435287
213.0	123.471657
214.0	121.355752
215.0	118.990239
216.0	116.665835
217.0	114.606215
218.0	113.112948
219.0	110.741352
220.0	108.431849
221.0	107.269032
222.0	105.562245
223.0	103.443771
224.0	101.006614
225.0	99.897091
226.0	97.787578
227.0	97.386770
228.0	95.021972
229.0	94.046210
230.0	91.825126
231.0	90.258691
232.0	88.114519
233.0	86.585403
234.0	85.805701
235.0	84.241045
236.0	83.433068
237.0	81.479609
238.0	80.513080
239.0	77.910744
240.0	77.608377
241.0	76.287056
242.0	75.140081
243.0	74.044269
244.0	73.088172
245.0	71.035388
246.0	70.238680
247.0	68.961751
248.0	67.975283
249.0	65.816562
250.0	65.168704
251.0	64.311764
252.0	62.905152
253.0	61.601305
254.0	60.840883
255.0	60.330266
256.0	58.575058
257.0	57.784554
258.0	56.900933
259.0	55.346187
260.0	54.437228
261.0	54.059911
262.0	52.706401
263.0	51.566086
264.0	50.955495
265.0	49.619523
266.0	49.007659
267.0	48.039463
268.0	47.307989
269.0	46.756466
270.0	45.475558
271.0	44.457363
272.0	43.458570
273.0	42.627199
274.0	42.188431
275.0	40.951976
276.0	40.652306
277.0	39.494179
278.0	39.236851
279.0	38.679440
280.0	37.794672
281.0	37.060130
282.0	35.929974
283.0	35.641147
284.0	34.477733
285.0	34.352605
286.0	33.537251
287.0	32.098401
288.0	31.976778
289.0	31.022808
290.0	31.243366
291.0	29.901839
292.0	29.150795
293.0	29.652918
294.0	28.823021
295.0	27.869059
296.0	27.795618
297.0	27.176995
298.0	26.979918
299.0	26.490541
300.0	26.829277
301.0	26.679727
302.0	26.423843
303.0	26.499105
304.0	25.675778
305.0	25.763948
306.0	25.657062
307.0	25.961134
308.0	25.375948
309.0	24.689199
310.0	24.198587
311.0	23.283703
312.0	24.177443
313.0	23.915849
314.0	23.372028
315.0	23.730084
316.0	23.659140
317.0	23.222425
318.0	22.948058
319.0	22.732878
320.0	22.415946
321.0	21.943900
322.0	22.800982
323.0	22.168015
324.0	22.493719
325.0	22.161253
326.0	22.042047
327.0	21.599615
328.0	21.206550
329.0	21.919309
330.0	20.976197
331.0	21.318784
332.0	20.194659
333.0	20.125810
334.0	20.456089
335.0	20.042187
336.0	19.549319
337.0	19.450902
338.0	18.837121
339.0	18.649354
340.0	18.344429
341.0	18.533313
342.0	18.728354
343.0	18.676071
344.0	18.075926
345.0	18.506355
346.0	18.823811
347.0	18.093828
348.0	17.795054
349.0	17.613379
350.0	17.667141
351.0	16.529565
352.0	17.662537
353.0	17.871447
354.0	16.619439
355.0	16.394087
356.0	16.254738
357.0	16.291216
358.0	16.921608
359.0	16.556157
360.0	16.439179
361.0	16.376566
362.0	15.673373
363.0	16.026084
364.0	16.483405
365.0	15.926143
366.0	15.285992
367.0	15.144049
368.0	15.626274
369.0	15.421337
370.0	14.541826
371.0	15.513961
372.0	15.426396
373.0	15.059330
374.0	14.525781
375.0	14.062666
376.0	14.350054
377.0	14.614052
378.0	14.216980
379.0	14.415619
380.0	14.093975
381.0	14.121858
382.0	14.285617
383.0	14.419343
384.0	13.926832
385.0	14.340243
386.0	13.400524
387.0	13.493024
388.0	13.054414
389.0	13.084864
390.0	13.386224
391.0	12.792538
392.0	12.689241
393.0	13.050610
394.0	13.305190
395.0	12.811059
396.0	12.900256
397.0	12.993355
398.0	12.478935
399.0	12.842163
400.0	12.077766
401.0	12.276547
402.0	11.918400
403.0	11.839297
404.0	11.356412
405.0	11.894709
406.0	11.394073
407.0	12.091886
408.0	11.815695
409.0	11.408324
410.0	11.456429
411.0	11.275859
412.0	11.758482
413.0	11.349057
414.0	11.043353
415.0	11.171997
416.0	11.177181
417.0	11.188623
418.0	10.504072
419.0	11.226753
420.0	11.227015
421.0	10.686437
422.0	10.433190
423.0	10.277139
424.0	10.615088
425.0	11.095620
426.0	10.772425
427.0	10.458634
428.0	10.568017
429.0	9.637370
430.0	10.298963
431.0	9.978569
432.0	10.581970
433.0	10.886333
434.0	10.749106
435.0	9.465564
436.0	9.862694
437.0	10.252241
438.0	10.221349
439.0	9.644922
440.0	10.240894
441.0	9.897385
442.0	9.360972
443.0	9.764140
444.0	9.865612
445.0	9.862687
446.0	9.646005
447.0	9.811047
448.0	9.246508
449.0	9.994393
450.0	9.135051
451.0	9.656330
452.0	9.066509
453.0	9.114544
454.0	9.493507
455.0	8.628442
456.0	9.435691
457.0	9.660489
458.0	8.776436
459.0	8.901823
460.0	8.747405
461.0	8.260972
462.0	8.384920
463.0	8.536288
464.0	9.070346
465.0	8.872850
466.0	9.276282
467.0	8.710595
468.0	8.262785
469.0	8.358244
470.0	8.045050
471.0	7.930315
472.0	8.081161
473.0	8.001290
474.0	8.305752
475.0	7.447906
476.0	7.938675
477.0	7.978724
478.0	8.024878
479.0	7.900765
480.0	8.021131
481.0	7.567495
482.0	7.975164
483.0	8.113909
484.0	7.977426
485.0	7.766710
486.0	7.851845
487.0	7.412222
488.0	7.614235
489.0	7.336554
490.0	7.310497
491.0	6.968389
492.0	6.949929
493.0	6.883652
494.0	6.647039
495.0	6.632269
496.0	6.761234
497.0	6.547394
498.0	6.742818
499.0	6.890496
500.0	6.882484
501.0	6.789718
502.0	6.620089
503.0	6.189735
504.0	6.100632
505.0	6.566519
506.0	6.562133
507.0	6.470715
508.0	6.602998
509.0	6.268409
510.0	6.989215
511.0	6.671470
512.0	6.025211
513.0	6.758046
514.0	6.414105
515.0	6.243102
516.0	6.589331
517.0	6.289319
518.0	6.152826
519.0	6.041420
520.0	5.635338
521.0	6.253912
522.0	5.828450
523.0	6.378485
524.0	6.277269
525.0	6.156461
526.0	6.035157
527.0	5.728903
528.0	6.218819
529.0	5.641040
530.0	6.224725
531.0	5.979920
532.0	5.711564
533.0	5.441546
534.0	5.808300
535.0	5.857481
536.0	5.695300
537.0	5.113097
538.0	5.956138
539.0	5.536591
540.0	5.623442
541.0	5.360013
542.0	6.256608
543.0	5.323112
544.0	5.422326
545.0	6.143046
546.0	6.153195
547.0	5.532509
548.0	5.947210
549.0	6.016113
550.0	5.458380
551.0	6.174932
552.0	6.020581
553.0	5.191746
554.0	5.066668
555.0	5.467570
556.0	5.105375
557.0	4.989443
558.0	5.363805
559.0	4.785021
560.0	4.966638
561.0	5.032065
562.0	4.823201
563.0	5.046811
564.0	5.257811
565.0	5.326465
566.0	5.320704
567.0	4.815699
568.0	5.374065
569.0	4.970375
570.0	5.054182
571.0	4.441444
572.0	4.376843
573.0	4.624594
574.0	5.097911
575.0	4.956784
576.0	4.772693
577.0	4.573376
578.0	4.252329
579.0	4.169854
580.0	4.487651
581.0	4.642934
582.0	4.875407
583.0	4.948763
584.0	4.444549
585.0	4.410596
586.0	4.247719
587.0	4.713017
588.0	4.330704
589.0	4.020389
590.0	4.127253
591.0	4.463154
592.0	3.982556
593.0	4.452891
594.0	4.080937
595.0	4.592304
596.0	4.065017
597.0	4.016578
598.0	4.224744
599.0	4.101544
600.0	3.887464
601.0	3.654054
602.0	4.089838
603.0	4.340259
604.0	3.840100
605.0	3.767119
606.0	4.090466
607.0	3.116390
608.0	3.451618
609.0	3.403416
610.0	3.354613
611.0	2.966531
612.0	3.640249
613.0	3.239757
614.0	3.415363
615.0	3.367499
616.0	3.370290
617.0	3.457593
618.0	3.351294
619.0	3.255577
620.0	3.018677
621.0	3.466980
622.0	3.389113
623.0	2.728066
624.0	3.272840
625.0	3.654076
626.0	2.955621
627.0	2.960104
628.0	3.128603
629.0	2.651082
630.0	3.287101
631.0	3.151771
632.0	3.341193
633.0	3.357929
634.0	2.905148
635.0	3.442623
636.0	2.929286
637.0	2.836979
638.0	2.905584
639.0	2.994875
640.0	3.001743
641.0	3.232435
642.0	2.690980
643.0	2.926742
644.0	2.806144
645.0	2.902324
646.0	2.883557
647.0	3.011065
648.0	3.258118
649.0	2.353988
650.0	2.536529
651.0	3.228069
652.0	2.141488
653.0	2.473976
654.0	2.488555
655.0	2.837854
656.0	2.074031
657.0	2.786806
658.0	2.435401
659.0	2.189356
660.0	2.907723
661.0	3.192899
662.0	2.594600
663.0	2.226971
664.0	2.672557
665.0	2.574985
666.0	2.582966
667.0	2.756790
668.0	2.608506
669.0	2.721407
670.0	2.606801
671.0	2.563490
672.0	2.114653
673.0	2.883689
674.0	1.877978
675.0	2.266164
676.0	2.492407
677.0	2.019544
678.0	2.057636
679.0	1.976655
680.0	1.686843
681.0	2.017044
682.0	2.120103
683.0	1.967468
684.0	2.295149
685.0	1.935497
686.0	2.070538
687.0	1.953503
688.0	1.940643
689.0	1.411679
690.0	1.684393
691.0	1.684013
692.0	1.915481
693.0	1.436982
694.0	1.594278
695.0	2.280625
696.0	1.802121
697.0	2.073818
698.0	1.452900
699.0	1.857595
700.0	1.716283
701.0	1.812455
702.0	1.984137
703.0	1.649237
704.0	1.957451
705.0	1.520539
706.0	1.715975
707.0	1.682639
708.0	1.918742
709.0	1.788465
710.0	1.691900
711.0	1.509848
712.0	2.151480
713.0	1.797315
714.0	2.226869
715.0	2.320030
716.0	1.796073
717.0	1.919994
718.0	2.037305
719.0	1.359749
720.0	1.443371
721.0	0.923038
722.0	1.108359
723.0	1.903888
724.0	1.357353
725.0	1.920225
726.0	2.289196
727.0	1.893767
728.0	1.738702
729.0	1.977378
730.0	2.067094
731.0	1.408659
732.0	1.594184
733.0	1.352890
734.0	1.538458
735.0	1.649619
736.0	2.104054
737.0	1.499938
738.0	1.858032
739.0	1.375370
740.0	2.027092
741.0	1.787983
742.0	1.523765
743.0	2.158816
744.0	1.629099
745.0	1.608368
746.0	1.438332
747.0	1.083331
748.0	2.053976
749.0	1.975573
750.0	2.011681
751.0	1.493910
752.0	1.831838
753.0	0.955023
754.0	1.433840
755.0	1.588362
756.0	1.329652
757.0	1.648534
758.0	1.149329
759.0	1.184782
760.0	1.511808
761.0	1.489935
762.0	1.807245
763.0	1.407322
764.0	2.197200
765.0	1.559124
766.0	1.378650
767.0	1.102274
768.0	2.056344
769.0	1.280542
770.0	1.403262
771.0	0.937853
772.0	1.481022
773.0	1.413530
774.0	1.451700
775.0	1.572511
776.0	1.668683
777.0	1.201915
778.0	1.291153
779.0	1.437429
780.0	2.081762
781.0	1.131222
782.0	1.533000
783.0	1.257996
784.0	1.417875
785.0	1.650163
786.0	0.956617
787.0	1.478432
788.0	1.573602
789.0	1.453959
790.0	1.188546
791.0	1.353494
792.0	1.244772
793.0	1.266348
794.0	2.056331
795.0	1.079914
796.0	0.950528
797.0	2.097365
798.0	2.050603
799.0	2.075420
800.0	1.737425
801.0	1.246386
802.0	1.833403
803.0	1.499673
804.0	1.397452
805.0	1.307423
806.0	1.451750
807.0	1.847031
808.0	1.195917
809.0	1.940349
810.0	1.865155
811.0	1.925561
812.0	0.672815
813.0	1.725458
814.0	1.588075
815.0	1.796550
816.0	1.181348
817.0	1.451750
818.0	1.793811
819.0	1.378443
820.0	1.100587
821.0	1.182749
822.0	1.584043
823.0	1.416431
824.0	1.682529
825.0	1.723486
826.0	1.445727
827.0	0.973048
828.0	1.650276
829.0	2.050989
830.0	2.024100
831.0	2.145854
832.0	2.213045
833.0	2.227860
834.0	1.410022
835.0	2.423851
836.0	1.730415
837.0	1.678456
838.0	2.002002
839.0	1.338173
840.0	1.695799
841.0	1.931578
842.0	2.556455
843.0	1.439770
844.0	0.943324
845.0	1.952481
846.0	1.727505
847.0	1.525919
848.0	1.124809
849.0	1.013726
850.0	1.578634
851.0	1.807910
852.0	1.687666
853.0	1.953651
854.0	2.351128
855.0	2.197110
856.0	1.625057
857.0	2.196364
858.0	1.757888
859.0	1.423852
860.0	1.890167
