224573 156 459940883028
224576 150 427738285088
224577 166 449904424920
224597 161 552226126420
224606 164 537282231444
224614 188 596740058336
224617 202 537531032416
224618 148 482974943168
224624 184 496423343064
224625 162 471651405632
224628 167 550725760988
224629 156 589810107944
224632 250 876134390212
224635 178 547739773896
224637 196 630414741268
224638 168 639888124340
224639 178 688746853076
224640 118 382722668740
224652 211 695743576704
224653 198 607987539792
224654 178 542452142200
224655 173 595095716640
224660 176 671741039144
224661 156 545188602072
224666 163 536985374556
224667 163 530266885072
224671 154 641558795236
224673 135 486397369344
224688 173 764319465736
224689 19 81670186980
224690 157 678332287800
224691 150 607027219300
224692 153 606013872316
224693 144 519249724308
224694 42 156377076060
224695 140 564203529284
224696 141 598530473264
224697 154 666617560464
224698 47 201603488216
