224269 1782995504 1782997920 10
224270 1783010746 1783022481 154
224279 1783101791 1783115015 157
224294 1783240785 1783246178 87
224302 1783283582 1783293242 154
224325 1783534491 1783539753 264
224327 1783550138 1783561099 173
224345 1783623991 1783633511 152
224364 1783790369 1783792554 34
224474 1784262742 1784268591 87
224491 1784323355 1784330869 120
224516 1784559206 1784570926 174
224526 1784657216 1784667468 22
224531 1784704024 1784706264 12
224532 1784711564 1784711697 2
224540 1784744786 1784755765 151
224562 1784986057 1784996368 167
224563 1784996457 1785006972 177
224564 1785007063 1785016420 150
224565 1785016592 1785026009 150
224566 1785026146 1785031690 89
224567 1785032323 1785038484 99
224568 1785039676 1785049456 145
224569 1785049556 1785059656 153
224570 1785059751 1785070439 153
224571 1785070591 1785081447 151
224572 1785081565 1785092038 152
224573 1785092133 1785102732 156
224574 1785102825 1785112974 152
224575 1785113139 1785114239 17
224576 1785114522 1785123940 150
224577 1785124066 1785134608 166
224578 1785134830 1785139051 71
224579 1785139097 1785139097 1
224580 1785144449 1785149631 62
224581 1785150036 1785153287 34
224582 1785155910 1785157966 19
224583 1785159438 1785173788 160
224584 1785173890 1785183839 158
224585 1785183937 1785194588 165
224586 1785194681 1785205616 159
224587 1785205719 1785209504 57
224588 1785231110 1785231462 31
224589 1785231572 1785231865 31
224590 1785232060 1785232415 31
224591 1785232567 1785232924 32
224592 1785233016 1785233366 31
224593 1785233474 1785233828 31
224594 1785233883 1785234177 31
224595 1785234270 1785234567 31
224596 1785234683 1785235035 31
224597 1785238771 1785252706 161
224598 1785252829 1785258302 70
224599 1785258499 1785259116 6
224600 1785259863 1785271702 175
224601 1785271819 1785283139 178
224602 1785283235 1785288727 91
224603 1785288823 1785297612 153
224604 1785297702 1785307830 168
224605 1785307931 1785312659 71
224606 1785313912 1785324191 164
224607 1785324292 1785329467 59
224608 1785329805 1785331800 201
224609 1785331860 1785333837 193
224610 1785333877 1785337024 310
224611 1785337063 1785339300 219
224612 1785339368 1785343528 411
224613 1785343578 1785345687 212
224614 1785346049 1785358112 188
224615 1785358205 1785368942 171
224616 1785369027 1785381510 201
224617 1785381601 1785394301 202
224618 1785394396 1785404131 148
224619 1785408102 1785424720 162
224620 1785424818 1785441299 170
224621 1785441392 1785447693 100
224622 1785449222 1785449461 20
224623 1785449582 1785460055 169
224624 1785460157 1785471818 184
224625 1785471913 1785481634 162
224626 1785481774 1785484099 234
224627 1785484135 1785484999 88
224628 1785485172 1785496300 167
224629 1785496491 1785507178 156
224630 1785507274 1785509913 37
224631 1785510540 1785512497 33
224632 1785512652 1785528222 250
224633 1785528315 1785538854 169
224634 1785538958 1785549458 169
224635 1785549557 1785560681 178
224636 1785560782 1785573691 209
224637 1785573779 1785585874 196
224638 1785585961 1785597397 168
224639 1785597507 1785608583 178
224640 1785608670 1785615690 118
224641 1785616453 1785625996 163
224642 1785626087 1785635807 170
224643 1785635897 1785645557 169
224644 1785645647 1785658461 223
224645 1785658549 1785669724 196
224646 1785669809 1785679982 178
224647 1785680069 1785689478 184
224648 1785689557 1785690066 4
224651 1785699147 1785699413 28
224652 1785699525 1785712908 211
224653 1785712994 1785723964 198
224654 1785724052 1785734566 178
224655 1785734656 1785744857 173
224656 1785744940 1785756464 171
224657 1785756567 1785767410 110
224658 1785767527 1785767937 42
224659 1785768152 1785769239 4
224660 1785771161 1785790113 176
224661 1785790251 1785802815 156
224662 1785802930 1785815091 151
224663 1785815208 1785825819 130
224664 1785865314 1785869348 23
224665 1785869659 1785870914 7
224666 1785873435 1785886703 163
224667 1785886826 1785900629 163
224668 1785900748 1785912987 141
224669 1785915843 1785918783 41
224670 1785925925 1785942466 182
224671 1785944064 1785955652 154
224672 1785955761 1785966263 135
224673 1785966365 1785977336 135
224674 1785977469 1785989051 125
224675 1785989174 1786002934 136
224676 1786003053 1786015522 138
224677 1786015658 1786019327 45
224678 1786019416 1786021724 226
224679 1786021820 1786022638 77
224680 1786022780 1786027051 215
224681 1786027105 1786031282 207
224682 1786031332 1786035575 214
224683 1786035661 1786039724 201
224684 1786039777 1786043388 182
224685 1786043448 1786047433 201
224686 1786047484 1786051471 201
224687 1786051521 1786052462 48
224688 1786100636 1786112389 173
224689 1786112496 1786113671 19
224690 1786119673 1786130074 157
224691 1786130183 1786140022 150
224692 1786141723 1786153722 153
224693 1786153830 1786165332 144
224694 1786165441 1786168973 42
224695 1786170467 1786181882 140
224696 1786181994 1786192492 141
224697 1786192597 1786203274 154
224698 1786203387 1786204462 18
