224200 ERR ValueError
224201 1782190698 1782200533 2984
224202 1782200555 1782201719 282
224203 1782202019 1782213469 2331
224204 1782220835 1782221193 53
224205 1782221596 1782238257 2122
224206 1782242889 1782256260 3432
224207 1782256291 1782261976 1247
224208 1782265696 1782279778 4112
224209 1782279813 1782291411 3387
224210 1782291427 1782311890 3749
224211 1782311926 1782325240 1652
224212 1782325954 1782345745 4008
224213 1782345775 1782361840 3684
224214 1782361860 1782372462 2939
224215 1782372481 1782372671 54
224216 1782372790 1782387846 2295
224217 1782391605 1782406457 3169
224218 1782406477 1782407287 190
224219 1782408343 1782419597 2998
224220 1782420807 1782434368 3971
224221 1782434391 1782449381 4519
224222 1782449401 1782464349 4694
224223 1782464389 1782467112 381
224224 1782467607 1782485502 2705
224225 1782486417 1782495643 1831
224226 1782495781 1782500335 1305
224227 1782500749 1782511840 3072
224228 1782511883 1782529036 4040
224229 1782529061 1782541842 3890
224230 1782541885 1782549031 2301
224231 1782553071 1782561660 2623
224232 1782562345 1782568111 1837
224233 1782574577 1782578065 4100
224234 1782578091 1782579994 2237
224235 1782580061 1782581526 476
224236 1782582087 1782587494 1417
224237 1782587530 1782588599 271
224238 1782589306 1782601542 3391
224239 1782601606 1782613289 3557
224240 1782613313 1782627087 4076
224241 1782627115 1782640218 3943
224242 1782640247 1782653182 3894
224243 1782653207 1782663289 3142
224244 1782663315 1782673024 3044
224245 1782673061 1782674253 216
224246 1782677517 1782687841 3083
224247 1782687863 1782698275 3376
224248 1782698304 1782708995 3423
224249 1782709024 1782716627 2464
224250 1782717625 1782723748 1844
224252 1782727179 1782727188 12
224253 1782727277 1782731503 4967
224254 1782731635 1782734290 3121
224255 1782734624 1782735196 674
224256 1782735810 1782737736 2263
224257 1782737861 1782741589 4379
224258 1782741612 1782743736 2496
224259 1782743833 1782745893 2422
224260 1782904258 1782904274 20
224262 1782906922 1782906935 17
224263 1782907275 1782907300 30
224264 1782936935 1782936940 2
224265 1782937120 1782937129 3
224266 1782945275 1782954870 2351
224267 1782997117 1783001097 1051
224268 1783001922 1783002432 48
224269 1783002534 1783004805 184
224270 1783017786 1783029678 3065
224271 1783029727 1783042529 3917
224272 1783042572 1783054690 3729
224273 1783054710 1783065412 2933
224274 1783067602 1783076586 2584
224275 1783083844 1783084410 122
224276 1783088061 1783089022 79
224277 1783089713 1783100745 2919
224278 1783100783 1783106501 1430
224279 1783108863 1783122209 3129
224280 1783122257 1783134815 3108
224281 1783134846 1783147500 3390
224282 1783147547 1783157849 3046
224283 1783157890 1783163488 1641
224284 1783166032 1783178765 3619
224285 1783178784 1783183901 1475
224286 1783185909 1783186377 139
224287 1783186517 1783187100 173
224288 1783187146 1783198325 3300
224289 1783198350 1783210169 3482
224290 1783210198 1783220505 3319
224291 1783220535 1783227597 2248
224292 1783227633 1783238033 3242
224293 1783238119 1783247898 3114
224294 1783247923 1783253369 1735
224295 1783259266 1783265919 2091
224296 1783269509 1783277179 2413
224297 1783280545 1783282536 629
224298 1783282841 1783282979 45
224299 1783283100 1783283982 280
224300 1783284019 1783284042 8
224301 1783284084 1783290697 2086
224302 1783290720 1783300440 3067
224303 1783300561 1783310429 3103
224304 1783310489 1783320299 3094
224305 1783320351 1783328517 2535
224306 1783331605 1783342983 2903
224307 1783343002 1783349746 1743
224308 1783359479 1783370580 3356
224309 1783370603 1783379664 2682
224310 1783396356 1783407202 3144
224311 1783407259 1783415349 2015
224312 1783418117 1783430489 3456
224313 1783430507 1783441933 3136
224314 1783441955 1783448163 1536
224315 1783450690 1783460956 2925
224316 1783460982 1783471033 3168
224317 1783471068 1783473237 558
224318 1783474282 1783484523 3566
224319 1783484613 1783495132 3320
224320 1783495218 1783510825 3544
224321 1783510848 1783531143 3162
224322 1783531173 1783534527 538
224323 1783534808 1783534822 15
224324 1783537230 1783541364 4131
224325 1783541671 1783546952 5277
224326 1783546974 1783557256 3243
224327 1783557276 1783568295 3444
224328 1783568315 1783582872 3611
224329 1783582891 1783590943 2167
224330 1783624633 1783624645 13
224331 1783625537 1783625543 7
224332 1783625666 1783625669 4
224333 1783626134 1783626146 13
224334 1783626317 1783626327 11
224335 1783626610 1783626613 4
224336 1783626697 1783626700 4
224337 1783627136 1783627139 4
224338 1783627331 1783627333 3
224339 1783627696 1783627699 4
224341 1783629337 1783629340 4
224342 1783629535 1783629537 3
224343 1783629611 1783629618 8
224344 1783629767 1783629769 3
224345 1783631124 1783640703 3033
224346 1783640725 1783650451 3085
224347 1783650477 1783661091 3356
224348 1783661110 1783673298 3788
224349 1783673319 1783683141 2381
224350 1783685329 1783685700 57
224351 1783685775 1783695199 2427
224352 1783695264 1783695761 99
224353 1783695803 1783698331 471
224354 1783698349 1783704015 1194
224355 1783708097 1783719823 3708
224356 1783719845 1783731640 3412
224357 1783731663 1783741861 3286
224358 1783741881 1783752051 3269
224359 1783752075 1783762797 3426
224360 1783762818 1783764525 549
224361 1783766719 1783776778 3228
224362 1783776799 1783787106 3379
224363 1783787129 1783797479 3672
224364 1783797498 1783799437 674
224365 1783806575 1783817320 3422
224366 1783817340 1783828077 3419
224367 1783828099 1783838692 3374
224368 1783838721 1783850541 3764
224369 1783850563 1783861107 3328
224370 1783861125 1783871057 3166
224371 1783871081 1783883616 4028
224372 1783883640 1783896643 4004
224373 1783896663 1783907326 3133
224374 1783907346 1783917444 3221
224375 1783917467 1783927965 3319
224376 1783927981 1783941513 3122
224377 1783941539 1783945620 880
224379 1783946797 1783946840 44
224380 1783947066 1783947073 7
224381 1783948055 1783951299 802
224382 1783963395 1783963489 95
224383 1783963693 1783963696 4
224384 1783963801 1783963804 4
224385 1783963925 1783963928 4
224386 1783964065 1783964068 4
224387 1783964219 1783964222 4
224388 1783964303 1783964306 4
224389 1783964424 1783964427 4
224390 1783964575 1783964580 6
224391 1783964728 1783964733 6
224392 1783964923 1783964926 4
224393 1783965102 1783965106 5
224394 1783965242 1783965246 5
224398 1783965626 1783965629 4
224399 1783966419 1783966455 37
224400 1783966565 1783966884 89
224401 1783968713 1783976885 2558
224402 1783976905 1783988431 3591
224403 1783988452 1783999185 3170
224404 1784004745 1784018155 3792
224405 ERR ValueError
224406 1784028383 1784038434 3093
224407 1784038456 1784041926 1102
224408 1784042374 1784042384 11
224409 1784042478 1784042482 5
224410 1784042562 1784042565 4
224411 1784042776 1784042780 5
224412 1784042875 1784042879 5
224413 1784042945 1784042949 5
224414 1784043049 1784043053 5
224415 1784043124 1784043128 5
224416 1784043225 1784043229 5
224417 1784043371 1784043375 5
224418 1784043535 1784043539 5
224419 1784043618 1784043622 5
224420 1784043715 1784043718 4
224421 1784043776 1784043779 4
224422 1784044010 1784044014 5
224423 1784044144 1784044147 4
224424 1784044322 1784044325 4
224425 1784044493 1784044496 4
224426 1784044648 1784044651 4
224427 1784044767 1784044772 6
224428 1784044909 1784044913 5
224429 1784045306 1784045314 9
224430 1784045996 1784046001 6
224431 1784046145 1784046149 5
224432 1784046358 1784046362 5
224433 1784057041 1784057044 4
224434 1784057117 1784057121 5
224435 1784057300 1784057303 4
224436 1784057423 1784057426 4
224437 1784057526 1784057529 4
224438 1784057619 1784057621 3
224439 1784057723 1784057725 3
224440 1784057781 1784057831 101
224441 1784057916 1784057928 25
224442 1784058252 1784058253 4
224443 1784058354 1784058356 5
224444 1784058465 1784058466 3
224445 1784058555 1784058556 4
224446 1784058654 1784058655 4
224447 1784058799 1784058802 4
224448 1784058894 1784058896 4
224449 1784059107 1784059109 4
224450 1784060907 1784061935 294
224455 1784116925 1784119990 709
224456 1784120103 1784120323 55
224457 1784120386 1784131213 2867
224458 1784131236 1784143713 3054
224459 1784143732 1784154169 3317
224460 1784154190 1784167872 4005
224463 1784192566 1784195591 717
224464 1784195691 1784206554 2716
224466 1784207073 1784215164 2101
224467 1784215200 1784217582 675
224468 1784221739 1784227270 1231
224469 1784227319 1784227603 48
224470 1784227738 1784242695 3518
224471 1784242715 1784250263 1957
224472 1784256412 1784258426 4023
224473 1784258496 1784269858 3560
224474 1784269878 1784275780 1735
224476 1784283979 1784284734 1507
224477 1784285228 1784285980 1502
224478 1784286786 1784287537 1501
224479 1784287782 1784288535 1503
224480 1784289065 1784289078 28
224482 1784303184 1784303211 54
224483 1784303297 1784303318 42
224484 1784303566 1784303573 15
224485 1784304413 1784304423 21
224486 1784304509 1784304519 21
224487 1784304791 1784304801 21
224489 1784309940 1784315824 1750
224490 1784315875 1784323632 2328
224491 1784330481 1784338057 2390
224492 1784338086 1784347642 3014
224493 1784347685 1784358082 3142
224494 1784358125 1784366686 2540
224495 1784394394 1784394449 5
224496 1784396652 1784396667 2
224498 1784400472 1784407452 2287
224501 1784431283 1784441357 3207
224503 1784452017 1784462539 3349
224504 1784462557 1784472907 3294
224505 1784472925 1784483045 3175
224506 1784483068 1784492934 3219
224507 1784492952 1784502287 3241
224509 1784513562 1784524229 3565
224511 1784533881 1784543823 2584
224512 1784543880 1784546661 452
224514 1784562135 1784562136 3
224515 1784565705 1784565715 4
224516 1784566326 1784578114 3473
224517 1784578139 1784588959 3373
224518 1784588979 1784600459 3652
224520 1784611605 1784621512 3154
224521 1784621537 1784632395 3177
224522 1784632420 1784634036 437
224523 1784635699 1784636796 293
224524 1784636859 1784648109 2946
224526 1784664330 1784674925 3324
224527 1784674949 1784685588 3329
224528 1784685610 1784695821 3493
224529 1784695846 1784706557 3818
224530 1784710408 1784710677 63
224531 1784711045 1784714017 652
224532 1784718617 1784718888 32
224533 1784720031 1784730445 2791
224534 1784730694 1784737615 1984
224535 1784738051 1784738051 1
224536 1784739072 1784739078 2
224537 1784739528 1784740911 385
224538 1784740947 1784742845 556
224539 1784743001 1784751870 2784
224540 1784751903 1784762953 3008
224542 1784773157 1784783947 2931
224544 1784794521 1784800373 1328
224545 1784827728 1784839323 2729
224548 1784861355 1784871514 2588
224550 1784882160 1784887452 1310
224551 1784892479 1784904521 2382
224552 1784910106 1784912356 412
224553 1784915293 1784918250 730
224554 1784918358 1784926691 2291
224555 1784926719 1784930946 1225
224556 1784931925 1784942710 2739
224559 1784962762 1784972873 2713
224560 1784972908 1784983031 3186
224561 1784983060 1784993153 3172
224562 1784993189 1785003559 3334
224566 1785033274 1785038878 1769
224567 1785039445 1785045678 1966
224568 1785046801 1785056644 2897
224569 1785056675 1785066846 3053
224570 1785066875 1785077566 3050
224571 1785077711 1785088641 3006
224572 1785088673 1785099225 3018
224574 1785109949 1785120161 3037
224575 1785120268 1785121434 334
224578 1785141961 1785146245 1404
224579 1785146277 1785146289 3
224580 1785151561 1785156639 1231
224581 1785157133 1785160479 668
224582 1785162994 1785165154 368
224583 1785166518 1785180953 3159
224584 1785181014 1785191029 3152
224585 1785191062 1785201778 3295
224586 1785201807 1785212809 3167
224587 1785212837 1785216697 1125
224588 1785238293 1785238600 607
224589 1785238757 1785239061 603
224590 1785239245 1785239551 612
224591 1785239752 1785240063 544
224592 1785240202 1785240505 605
224593 1785240659 1785240967 606
224594 1785241069 1785241375 607
224595 1785241456 1785241763 609
224596 1785241868 1785242173 609
224598 1785259926 1785265492 1382
224599 1785265621 1785266298 118
224600 1785266989 1785278887 3494
224601 1785278923 1785290334 3545
224602 1785290363 1785295919 1810
224603 1785295949 1785304804 3050
224604 1785304833 1785314959 3346
224605 1785315052 1785319847 1410
224607 1785331413 1785336654 1169
224608 1785336989 1785338997 4009
224609 1785339045 1785340974 3851
224610 1785341062 1785344161 6188
224611 1785344248 1785346437 4370
224612 1785346553 1785350665 8210
224613 1785350764 1785352883 4231
224615 1785365334 1785376128 3420
224616 1785376157 1785388697 4018
224619 1785415158 1785431905 3217
224620 1785431941 1785448486 3381
224621 1785448517 1785454879 1999
224622 1785456409 1785456600 382
224623 1785456713 1785467248 3369
224626 1785488961 1785491297 4664
224627 1785491323 1785492197 1736
224630 1785514396 1785517104 703
224631 1785517657 1785519688 647
224633 1785535438 1785546042 3375
224634 1785546085 1785556653 3365
224636 1785567910 1785580876 4179
224641 1785623579 1785633185 3252
224642 1785633214 1785642996 3392
224643 1785643027 1785652745 3375
224644 1785652776 1785665590 4450
224645 1785665679 1785676908 3900
224646 1785676937 1785687167 3553
224647 1785687196 1785696667 3232
224648 1785696696 1785697212 51
224651 1785706333 1785706610 553
224656 1785752070 1785763655 3409
224657 1785763685 1785774595 2094
224658 1785774711 1785775131 839
224659 1785775199 1785776381 76
224662 1785810039 1785822282 2995
224663 1785822313 1785832999 2595
224664 1785872358 1785876544 445
224665 1785876576 1785878098 122
224667 ERR ValueError
224668 1785907852 1785920181 2811
224669 1785922962 1785925972 811
224670 1785932997 1785949643 2884
224672 1785962867 1785973449 2694
224674 1785984565 1785996232 2495
224675 1785996267 1786010124 2710
224676 1786010154 1786022715 2652
224677 1786022745 1786026429 829
224678 1786026600 1786028861 4514
224679 1786029005 1786029774 1536
224680 1786029956 1786034248 4289
224681 1786034281 1786038418 4134
224682 1786038508 1786042774 4263
224683 1786042838 1786046859 4019
224684 1786046952 1786050585 3631
224685 1786050625 1786054631 4004
224686 1786054662 1786058669 4005
224687 1786058698 1786059658 960
