224300 183294
224301 44403701
224302 65322244
224303 65693533
224304 65932941
224305 53978978
224306 63162831
224307 39104914
224308 69729793
224309 57074400
224310 66023585
224311 40769748
224312 65649734
224313 66541539
224314 33387621
224315 62838495
224316 66299978
224317 9475886
224318 66370322
224319 65710735
224320 65684048
224321 64995798
224322 12521058
224323 27236
224324 2458167
224325 3193406
224326 64477461
224327 67606467
224328 65151892
224329 32253402
224330 56363
224331 61468
224332 56591
224333 57361
224334 56192
224335 57313
224336 71677
224337 64357
224338 62889
224339 67114
224341 17545101
224342 8260038
224343 2008431
224344 119740
224345 7469742268
224346 8730228694
224347 9305556695
224348 6279098408
224349 3500485777
224350 172336949
224351 7854260692
224352 208714659
224353 1006706013
224354 2232530673
224355 11362823196
224356 11398077863
224357 10408147275
224358 9701937506
224359 10370590575
224360 1802955550
224361 14497213432
224362 14268825486
224363 15572325808
224364 2905706660
224365 14863707881
224366 14440831519
224367 13946545833
224368 16022280721
224369 15591700467
224370 11816156330
224371 15279270667
224372 18971334376
224373 14727195024
224374 14361290721
224375 14601068195
224376 15550857200
224377 3552367648
224379 168896378
224380 5755846
224381 4188499902
224382 80254241
224383 5006275
224384 2623282
224385 4277129
224386 3792068
224387 5723422
224388 11926253
224389 9322890
224390 2387481
224391 1453090
224392 1850858
224393 2920291
224394 2090576
224398 3255550
224399 25508259
224400 1278523133
224401 22359721964
224402 30300800624
224403 21269838916
224404 27275299360
224405 0
224406 27869424188
224407 11383686132
224408 2123706
224409 714154
224410 560947
224411 577885
224412 646936
224413 620053
224414 630300
224415 627981
224416 593798
224417 618519
224418 648075
224419 588912
224420 513988
224421 478509
224422 258043
224423 201613
224424 461037
224425 518633
224426 233536
224427 515819
224428 460049
224429 776402
224430 303893
224431 364212
224432 8071023
224433 174375
224434 137437
224435 94046
224436 154767
224437 238810
224438 258140
224439 235227
224440 6173837
224441 507872
224442 320068
224443 467851
224444 264315
224445 418085
224446 445849
224447 437609
224448 424607
224449 433063
224450 6595180268
224455 1299612943
224456 508411035
224457 26436101568
224458 27976713722
224459 26888216305
224460 33832301042
224463 6231847614
224464 26225408740
224466 23437902077
224467 5758107546
224468 2184061421
224469 47962762
224470 16337447272
224471 8735940063
224472 99318545
224473 15708111622
224474 7726620828
224476 411055759
224477 552732293
224478 477533413
224479 566429571
224480 13080208
224482 212596342
224483 101964148
224484 451164
224485 411781
224486 620731
224487 520418
224489 19707418719
224490 22630631982
224491 25272850870
224492 31578230290
224493 31794048634
224494 24798267380
224495 1326137
224496 662076
224498 32135047028
224501 31907994054
224503 33706219151
224504 33251118633
224505 31974970817
224506 32468137781
224507 32261326813
224509 35870672980
224511 25875722243
224512 4653841299
224514 4440976
224515 174004
224516 31511324364
224517 33729021836
224518 36364054610
224520 31736275676
224521 31961240685
224522 4381081635
224523 2673219247
224524 27912446537
224526 4041089083
224527 27399798809
224528 26602894986
224529 27448015780
224530 813089586
224531 7763996085
224532 98314747
224533 25884677983
224534 18119279698
224535 35525756
224536 137664
224537 2950877683
224538 5122083104
224539 26219116057
224540 32954476610
224542 32696712091
224544 15939030062
224545 32479090417
224548 31322388035
224550 16187785465
224551 30077634261
224552 4961400051
224553 8818166592
224554 26790730653
224555 13959783589
224556 31461223315
224559 32040423057
224560 31820576430
224561 33734119698
224562 33651848311
224566 18920274432
224567 21102186902
224568 30598647957
224569 32199481248
224570 32202622032
224571 31777536248
224572 32190934593
224574 32299038287
224575 3228178521
224578 14415134796
224579 298387
224580 11277927985
224581 6773125669
224582 3661571216
224583 32174484328
224584 32168063489
224585 33472162941
224586 33572631054
224587 12088903568
224588 465483511
224589 475924437
224590 496088056
224591 555081264
224592 517043006
224593 522462073
224594 572077414
224595 515416685
224596 277721240
224598 14137607683
224599 793973625
224600 36064787396
224601 36080155935
224602 18059835379
224603 29260197471
224604 33296032884
224605 13817064108
224607 8039048683
224608 216548902
224609 217169435
224610 347174446
224611 244075528
224612 460225937
224613 225780064
224615 34564854545
224616 40278123459
224619 33033253032
224620 34493128737
224621 20220598068
224622 113375707
224623 34125584880
224626 241007264
224627 571228106
224630 6653255876
224631 6519953558
224633 34112760679
224634 33728814583
224636 36766435455
224641 33825333354
224642 34197090091
224643 34093170523
224644 45067117030
224645 39327915178
224646 35797557067
224647 32394295701
224648 317404930
224651 63057773
224656 34870502288
224657 22062514450
224658 143262061
224659 533788715
224662 32294667937
224663 27831540414
224664 3778949209
224665 6931568
224667 0
224668 27517147510
224669 8695004291
224670 31033841039
224672 33250320271
224674 32811058556
224675 33131734245
224676 32745481641
224677 10069698852
224678 262907288
224679 88906666
224680 246850777
224681 238045790
224682 240631722
224683 218608444
224684 184328449
224685 212219981
224686 221292955
224687 52553014
