224302 154 15512276640
224325 264 3839791812
224327 173 5663700028
224345 152 297279583228
224364 34 98537927740
224474 87 99496548404
224491 120 327041162976
224516 174 341512919232
224526 22 41146368308
224531 12 30043561676
224532 2 673341728
224540 151 420376817852
224563 177 515336379668
224564 150 448123844308
224565 150 442078579240
224566 89 263569686736
224567 99 288552736932
224568 145 445841655760
224569 153 433272645452
224570 153 449766462808
224571 151 463538796092
224572 152 468790107612
224573 156 459940883028
224574 152 430662471592
224575 17 42126858060
224576 150 427738285088
224577 166 449904424920
224578 71 200035938444
224579 1 105476104
224580 62 192026803676
224581 34 106104660500
224582 19 68555815416
224583 160 549270328368
224584 158 475520377252
224585 165 463879504500
224586 159 459898442400
224587 57 159626082604
224588 31 31335204488
224589 31 26612624064
224590 31 29773937224
224591 32 28051679228
224592 31 25653385072
224593 31 20542509192
224594 31 24493234952
224595 31 23944937768
224596 31 21276019564
224597 161 552226126420
224598 70 238426245548
224599 6 15127996732
224600 175 534380818680
224601 178 499226348772
224602 91 249281683260
224603 153 402623245144
224604 168 450044381148
224605 71 196165553316
224606 164 537282231444
224607 59 185562371724
224608 201 146579355344
224609 193 177994068876
224610 310 290636524956
224611 219 203181087328
224612 411 382857257444
224613 212 155024369444
224614 188 596740058336
224615 171 458014724452
224616 201 543409586916
224617 202 537531032416
224618 148 482974943168
224619 162 600411885844
224620 170 544555840864
224621 100 296951780984
224622 20 6393657124
224623 169 459406069292
224624 184 496423343064
224625 162 471651405632
224626 234 92107649208
224627 88 37221553380
224628 167 550725760988
224629 156 589810107944
224630 37 155252401624
224631 33 129722318156
224632 250 876134390212
224633 169 539371401664
224634 169 531759770988
224635 178 547739773896
224636 209 604718184428
224637 196 630414741268
224638 168 639888124340
224639 178 688746853076
224640 118 382722668740
224641 163 554136475472
224642 170 532363054856
224643 169 516041703312
224644 223 691591629396
224645 196 674264545360
224646 178 703365270792
224647 184 809455688556
224648 4 12506835760
224651 28 13405323764
224652 211 695743576704
224653 198 607987539792
224654 178 542452142200
224655 173 595095716640
224656 171 616287016596
224657 110 463116525524
224658 42 47543741296
224659 4 16501521616
224660 176 671741039144
224661 156 545188602072
224662 151 524202920112
224663 130 421418726708
224664 23 69075760384
224665 7 5842064280
224666 163 536985374556
224667 163 530266885072
224668 141 463722792032
224669 41 149731171520
224670 182 797376063600
224671 154 641558795236
224672 135 520209172472
224673 135 486397369344
224674 125 474501221360
224675 136 499759858452
224676 138 586372629128
224677 45 195251888532
224678 226 162082238652
224679 77 54898058480
224680 215 155916842576
224681 207 155160932888
224682 214 152028237516
224683 201 129236015168
224684 182 104643363804
224685 201 114331327760
224686 201 107748089144
224687 48 24212708016
