224405 1784018173 1784028361 3234
224451 1784062059 1784075160 4007
224452 1784075183 1784088024 4144
224453 1784088049 1784100485 4223
224454 1784100504 1784109481 2994
224461 1784167896 1784182989 4460
224462 1784183010 1784192548 2797
224481 1784290146 1784302121 3308
224488 1784309071 1784309465 125
224499 1784410671 1784420535 3120
224500 1784420571 1784431261 3420
224502 1784441389 1784451999 3377
224508 1784502309 1784513530 3830
224510 1784524252 1784533863 3338
224513 1784552075 1784561274 2138
224519 1784600514 1784611576 3488
224525 1784648130 1784664312 3631
224541 1784763102 1784773120 2725
224543 1784783983 1784794485 2841
224546 1784839375 1784850643 2623
224547 1784850727 1784861247 2631
224549 1784871622 1784882065 2611
224557 1784942847 1784952705 2654
224558 1784952797 1784962641 2656
224563 1785003587 1785014164 3523
224564 1785014191 1785023605 2996
224565 1785023721 1785033201 2991
224573 1785099255 1785109917 3118
224576 1785121650 1785131128 2991
224577 1785131191 1785141741 3302
224597 1785245896 1785259895 3214
224606 1785321033 1785331381 3261
224614 1785353171 1785365305 3749
224617 1785388728 1785401493 4031
224618 ERR ERR 0
224624 1785467283 1785479008 3675
224625 1785479039 1785488823 3222
224628 1785492304 1785503489 3321
224629 1785503599 1785514365 3103
224632 1785519774 1785535409 4966
224635 1785556684 1785567867 3560
224637 1785580905 1785593059 3915
224638 1785593089 1785604587 3297
224639 1785604618 1785615772 3555
224640 1785615801 1785622885 2341
224652 1785706654 1785720100 4197
224653 1785720129 1785731155 3942
224654 1785731184 1785741755 3554
224655 1785741785 1785752041 3458
224660 1785778223 1785797298 3401
224661 1785797332 1785810006 3107
224666 1785880404 1785893887 3232
224667 1785893931 1785907819 3247
224671 1785951108 1785962837 2862
224673 1785973481 1785984521 2686
