224302 154 14794 done
224325 264 3662 done
224327 173 5402 done
224345 152 283508 done
224364 34 93974 done
224474 87 94888 done
224491 120 311891 done
224516 174 325693 done
224526 22 39241 done
224540 151 400903 done
224583 160 523826 done
224584 158 453492 done
224585 165 442391 done
224586 159 438594 done
224587 57 152232 done
224588 31 29884 done
224589 31 25380 done
224590 31 28395 done
224591 32 26753 done
224592 31 24465 done
224593 31 19591 done
224594 31 23359 done
224595 31 22836 done
224596 31 20291 done
224597 161 526644 SKIPPED
224598 70 227382 done
224600 175 509626 done
224601 178 476100 done
224602 91 237734 done
224603 153 383972 done
224604 168 429196 done
224605 71 187079 done
224606 164 512393 SKIPPED
224607 59 176967 done
224608 201 139790 done
224609 193 169749 done
224610 310 277173 done
224611 219 193769 done
224612 411 365122 done
224613 212 147843 done
224614 188 569096 SKIPPED
224615 171 436797 done
224616 201 518236 done
224617 202 512630 SKIPPED
224618 148 460601 SKIPPED
224619 162 572598 done
224620 170 519329 done
224621 100 283196 done
224622 20 6098 done
224623 169 438124 done
224624 184 473427 SKIPPED
224625 162 449802 SKIPPED
224626 234 87841 done
224627 88 35498 done
224628 167 525214 SKIPPED
224629 156 562487 SKIPPED
224630 37 148061 done
224631 33 123713 done
224632 250 835547 SKIPPED
224633 169 514385 done
224634 169 507126 done
224635 178 522366 SKIPPED
224636 209 576705 done
224637 196 601211 SKIPPED
224638 168 610245 SKIPPED
224639 178 656841 SKIPPED
224640 118 364993 SKIPPED
224641 163 528466 done
224642 170 507702 done
224643 169 492136 done
224644 223 659554 done
224645 196 643029 done
224646 178 670782 done
224647 184 771958 done
224651 28 12785 done
224652 211 663513 SKIPPED
224653 198 579823 SKIPPED
224654 178 517323 SKIPPED
224655 173 567528 SKIPPED
224656 171 587738 done
224657 110 441663 done
224658 42 45342 done
224660 176 640623 SKIPPED
224661 156 519933 SKIPPED
224662 151 499919 done
224663 130 401897 done
224664 23 65876 done
224666 163 512110 SKIPPED
224667 163 505702 done
224668 141 442241 done
224669 41 142795 done
224670 182 760438 done
224671 154 611839 SKIPPED
224672 135 496111 done
224673 135 463865 SKIPPED
224674 125 452520 done
224675 136 476609 done
224676 138 559209 done
224677 45 186207 done
224678 226 154574 done
224679 77 52355 done
224680 215 148694 done
224681 207 147974 done
224682 214 144986 done
224683 201 123250 done
224684 182 99796 done
224685 201 109035 done
224686 201 102757 done
224687 48 23092 done
224688 173 728912 SKIPPED
224690 157 646909 SKIPPED
224691 150 578907 SKIPPED
224692 153 577940 SKIPPED
224693 144 495196 SKIPPED
224694 42 149133 SKIPPED
224695 140 538067 SKIPPED
224696 141 570804 SKIPPED
224697 154 635737 SKIPPED
224698 159 661830 SKIPPED
224699 149 534925 SKIPPED
224700 225 762582 SKIPPED
224701 224 774091 SKIPPED
224702 46 166072 SKIPPED
224703 142 500764 SKIPPED
224704 147 557763 SKIPPED
224705 28 102238 SKIPPED
224706 131 77579 SKIPPED
224707 35 141765 SKIPPED
224708 23 101348 SKIPPED
224709 344 1505036 SKIPPED
224711 141 517845 SKIPPED
224712 74 271131 SKIPPED
224713 149 535420 SKIPPED
224714 186 666169 SKIPPED
224715 122 466748 SKIPPED
